25 1
436170198381398394135518712763421057.388893873596405781344664678577876031720988091625307494080593494446347687594476796715175125345218557795118436930747211635447068488633252945142071087725654441952666542111505250649471266074272410508603503294709063882692307144066666557584625259700647406451678938324254482381581
-659133077589414919694600655272070186.939884306071918933537492823901990639289813818085540441847359986406904788163254410976725975052966788561951355637461080091222113895400581424413631066380911190012651017137293932850985514434924353798294835859819528380464352298035836692024907764091110928275121419827642238693999
399007521261371417861346048076711377.17535708938501604759917304831846419867194222793233336626761885236823046212168572351377761164506655081348559935097019318050759146025335067999084167602472390022523802566612202400388174207432133415471357504496943807973216682246986075434200942805059720071120858127968069360097
-335003207750226164800227317758618296.014872300553820769069562917827758344272792708440594057973812384406726440184796554979070091387175002003074019015892188590020182755300519820881683099477213324052794613430862763552346584436997120877030916804610747209192864278446801618220900490902957349284514074962521460026521
313952266898498412054173704787927866.377119486925621582785329799718967030199635136714980638920115542644097244590144175736120539727362995229727887660305343201299468338693120224933505390606244833306908895000315230714209408424985022700751321379774528539939919630323413141326769906275353781312990481822167291385692
-314689204130908015599463930275184582.085940959053304367898991878077611496222715155171539965990717738941424641987990538631091832405315723466888662468136835989819998928632328073637132751415783554512302133723616111267593396764602344971826921037655501435149402078825840925954603635203227981593240265968490710549168
331623371079864188872774970848575018.555727193227579957821743633902519254285735860022004979352051741792641437963839440489618091683529938699626282943459009512613966834765432099343294518665008476203181245059912873694507758644461133883785773119029942806843017749636786552076943244925791618510726764826998222786333
-363947213337394464114347242914998976.579046452381464163288304545669965859552229395755221697698662874900534350949680668221801035312222115774168441894926040282209714051402113495810182353547530634615984800747136186422128380097773736044339799376706188311528506406705644021892992954774472590545243985989572443824456
413278013481135018596422136328525684.623340409941342115428611612238743244165549172547650716455791732082489920508490239905127238679405551561284730384942282213471247859847959627159509215805473855254042132572535418326164475927034085356717973573018338218511477923248112305443223788212532713723137932521773241367376
-483028689250504440128685735983118236.698176295725574907444967215244125951410451144672420521520383515351461838937957114566312799040955715269998257538554765851378741934918226374066384751893502784893433786551103281643777378325530648006903535017970658076037097589690450123784114178955712201003590918706568096926969
578267715114344560092493212918249131.453725013287221556943512326454317497670369411966171083010741610970614376070096307751986339472166388491152374019184683237631838248664615165080594223128258088566255801724391144611628269441636124373181655237062115988116582008648655737982214008226848021866249189969478037401304
-705655126112851740538017596021704030.257465860965445476422757368138488990451418329057115364053706911578563768846555064827989499162286078793183755047655675638254916085167274316889044046130885486642423149040924915192558649201338239075818639886087107719112716830583270155145532979497173615293464640937078026477943
873154748126006904686052945092221367.281334488822900640195507641796010080935430511538649721923455920033082782026921030586139583036766513245902287035308437548396677676506740633633148729816579036025392440732488368813626559138164733286705504446338647132970203394495189471162339461163720577883635595454872933056253
-1089130237978660518810075853729205870.43411119352382338194066601840846138834100573143799174520765445810025181493006158263562804972036448277417619894553088389660556200924906838498765694787245768357415416942167925803367266713653654635664623689586749255111155310296926871917633738876314234574083450404287204853736
1360244790462812004261014507895255402.77358092083928787931782656175022658254604289874057125878823163852025927071542309067865008395614908941271170256724776247824078372707418412693701333620516280471174742238027106755322579808536218351801697937597865637833996505037711937987910731488607369123333447835406556426366
-1687401112155928872187448080085493040.46527839695396812001454155763809016206536686592775583658944159321342208480820845359381366767550048409150993652033510893707483140339745602383781864359977339587466023153053759889407392415352647396944505779964421787450812228267302935921214529113434683976388511017912529327714
2059018352544052987020123038046330344.6654245171348668309969737029511389585095140427262333014841487971331170111807692600016616282998470389379840393126944498810745009981767521635454418386158583444515484212999048116984382777319315695783278238913008616215976798913694177229466981560651844504498496377694327301291
-2441759643875513182637984905022468397.50797719941442041459646147715696697513753132539416935440838590797807090463757243152456117993639144922665796914660287441440331445872697533377997520260992984359220147499749110705117050038724989204935649982553725632357215468534581841387368643809430061970732670587260598919251
2771216363320258706178885896634795583.17208646776068602397292925876188474735641002011189265772422970765454415178047206939291428686873679912093598406349633624675392466052798218667275599836185960642421799417055438162293102522588398954101130096428805173743350556922131120882997187058916623914400114657465378331257
-2949686101134940808548930241339316849.3616339111269909502001789395863848468524733905275432882089260083392297698881892736592027392528233654817121650049352877101819994112395945093733696092447549868223662809131548925921710999563238261838998192982859374189511940881030220527754625674508923148997140091803238799758
2863875725818971033439245977506696427.85406597077725304571037204374087187176784361935210703894287890337567125379622889015259833080893933620144261451276995337916548146442969530816384364102875538600629507377727872670264869590451303160792507421677406467035248709506243179543627805745432767083086553280998038126433
-2435826085307080741018470170584552632.12757996323259548938219171830437386559515769478851206061428745359778110888140590044221865510322318268671041435092134327109540855988532285869551611455860342351475694472383784303419053485437659177892898560357446907359553299710258792770943259392184705738906759921093817003452
1702125246631089644204991929302857919.53954897068977335608131566690069206616485067468074365519265254488078244881051125604465201992109532085472748213133977159967287628011334512402447439763714643518567648034842691567677437873371828365423611275350779107398185290755043674969442186854902504684585910083267040540863
-868966756730013582193574602048348387.154416300701657157036268087741141317546145368498209320619248702874718252459724326989421184919680142784578362524746093391852998486233856190118675890411545151057562671290092453835354161209312793377577632004470571990825998459470704684058644085049536076668853333237444909828024
243167412944195698076842457566444624.025475263445780759255446430151462901544840278256173223542360532602854435344550385313740122980892965907020544487996668255016802628646882184349186712337261098468843139590101976044706558780416643894663168723470944734608149154644359059182812768425758603134402469438644825311748
