23 1
251370933347310547951479718194991.355236611428005975384209811868177630969946471267720758792821669527321323518010246072898044808998948743218795800251926450764551974125941303377725940718967630975368070822348616576942408094399413533602491986993340026400801833648619787214325455717385693244848637052364375325387833
-380092103240071983173126777384129.193188988490035166363224620351168829910060445587640542813730195806040790634449308123225436795986710443234123725854654185708920027916614978163950736841712734596436783894131552075458853411294005933360678300013595845178895792791962772213186699323751961084776322352180017137898369
230764467992951610361869230271290.633109627404076526975588090304668802033694988312493893639334759062516683614314600149356636812113483691741887315703787329960178471411635903016199227220975027939597681390359976290793112999319588636039545848952590832955142907936054525366246313555910757004846208204658602315067273
-194750678658720097700215386961507.270830698108886040969757873991759091698173410189754184779073146723833845664186419178435148312266051393068270029713804580946497614266440037652498894714216612111371191134053193527641088956536359841390192534251031577145902504061322533515159399517887869094640850624863822670198561
183832500410257940609334228894355.206607021741827288017633187427991159135323871186776021563283400501485836761520428623100546054652204896446124194212349110080186047077945614425677772808989481948495058220260629499903904712763691126995234120436562133803067221115402542495398798590765620377724219737106073395683312
-185921979877286490282612875928984.283153633038627127907294155829088808189566196773714259027739862344375803187234456588601502752345344495025556658714858964665207435189577462391877298550169511771290209036045207073192583923861365602735149294163668611656838604316062732113989944868761014857391587787990511901180956
197958617502768459625921460749813.066841706678225295434036110915265136148266760249074089185662925557369408956953466425983977238308863139816482471228087333478192715987544739599961965962050587879516562077156697014554426517426935227261830493887009158544157397485644049560965655558267596337723659809938565320420022
-219691411301343149647686236161088.882786226140338851058540263498041351001064815416587463807569085093278241471967539795705234487312829937886609310092839996375574294762504373214555544533638553735556911580054837656064018367667644709935952617204122741848632878816305924579028796626588423494180003438456847350349093
252312167481478561588949450192630.286236947076432981338573976068441972115191872470936697530654865305239330460594622519382044391895301909472475170252192192041115438256344858966833484288989800278045590422794570090455140918498907847364492938325903580209304589253726475205727103699855081141474835222109287885372192
-298056341384568019770502704674458.213859033778279959079317303192854442785216290730309722273120754105669729037667079819064883950451506155773066873653947887938537148778335957410370027549056814075163389800636311505418585951704966535191550444874204301528746468329901421589025877250222692211213105759421802226107342
360019989757860948936919618488919.232840893083038403481606053249569613590731950297973070730346265175438615501878827037927819191913910205738240312863469066885308369133043659381516222124381354079810529144947782280264775578278173821499687975693175965396749177385873952387169382752081012338234451374667856097958342
-441889030307484715665628143120289.616637367630382446151280158360641720903399404794030277278035089691693428725868363750363710571172239335593523520091397723655488515611903254245146911662095773393138950289938006740590574274381604469012695858921827824377165477758690388914770142493817045529075068255955325909665934
547302588207494849096877339927551.451939837817466891631581944463510542869964556812607078048028727646818023661152464087223627461536257618571759437478360458148621434002923038259427012645953163351983472137109400083662986239109203670375476148655135442046304499125764229727936739526309596296901154685774583779313161
-678485040025952228583495054624997.990101980670950216107312253037188843910787716536120395919275649290265057615018172877411094654485674428642174110082917899725605378923924813713193691757364981437101751207056898213432738395440354693267455185853548639253469740526451996769857348035432274503760263201686620865434299
833702948331017291976146511404958.066280642460889451685797731295118130820561857464802919025422997804315207352321960252724190740550001353723991230729578681345114413037658377469416450131344775531774548408202974865332044353969047657141274955559691663818953819826649053795700882803500708757459689402982413579398228
-1003232083753520894975631441266915.68016378868134375046975805507848168063081582586012013154698661198757146776694955018609493238939374533226478020869537556210744635375382567028218705686988149051865656957705662528347463722943248218289364291282550076195180317749472689583673775936956223403996477881074451803571035
1164249482668122215205612426630869.17278108549966177824672092010789998449070406183715950724100411613578860706292536895347795324602012179598620564902741045340284838052391992061453125472427281168507434290047776418341088013273038200715934109328855433671321250416529591187943288383605209053812975249716351771666689
-1276958318339516615930447990784950.91915510137891729462354870338774320556939986185641619822854032349999064599483982600626537552992925871127719757535000151140918040735795314713669392432675856757732600066912639241568412825896727614526779898147245602352524834265417123533516265600284063023845330980583818324353729
1287512021277878689134971894627837.22702190193219960047223090378949631012577543259815842391665989639848386481525213847049410161351767237234976093473706559900392377935279789996121641618981227257277658490850026460285428787342743420158793118337343386779275763402731865076501452894501846602593066880733112571206742
-1146134966138592495318758294348040.64950961079317096600583099587257251492253578845363122582531012706382345056381643755679787614441195557155035812100027136429768405872633351363680119128219362366463784132597835574817293753759740620725008104351304837075311314590863058740628721899550485591917190229296011591845828
844882155904179853143649040282286.857944673393543140265824233413435898508768564764113397526887739212807555018836910588245933751444413760525546564145975863684698775585237706319629605491805855848953756033868026190363248265417020410423452204036709426336303645600165584552062947225181091808557770706878737916169507
-458641043832400713618258205233391.787438034599779349043175600722227798685330009634073658825701913376943685997692080650351704456489902200709277782884151651074747925676803014839566001406066580628897853280487966154474293759443676345053717117377002571782067561122389741627976115893917438948452537178512686641160196
137568034293512568445749530408030.394644463237148374231196685521885121022188798103520562172159725984921814968493596622544088690078408618663381161806129301161269775495292758071142207978924242188684294820742133041855609522796031589500900612301045664364025482164079821921975611064386772774348666921768996346324457
