27 1
1241639608073770178351.1740636248449710878538938201201657756516094087287176272016972527598069217551052431685080311908237107239460030081794490085343806617923188660817580167182609626769886697555035069881247155643248019607722162642299860186161467511925353128630058785213095120832242487863211324176963799269435954
-1874338747717780728472.35099903436340101096492418271982512910098812361412354522145551398870812861991508410308422366854972604520169762194624660246109188223581994205241190186429699861294610834505749706433000560802251859842049595780202773067491239756562469350706598411548191383539873626533532155142954002572105708
1129015525270631225181.63581043047048368713616501806415660854176844741060707002244094475955641161319787010067182324241865471661472573219081769455755047920588159889520201910877366372300625778605269902487849937948555504646533295362349735452772018488885622217560670500337165526681572136665374536338322207429691059
-940824406848332304688.439138751941962080683044068560284357384244708432822739387607704887792286023153398795985923185667463328181842659372198215576935132969776285617117317265247022653627575054907383779280693319087769107663364538658602646847000005465389914244991350090408752538223562588563436989270948202439477067
874462222945606447844.002916006537892151210992218846151441742696522575982918413867607217557576193629559296802242494445572052720171796851148289112300923881049609828886679259152829263800445306274966823775441312994774683178686783324969765938227370207922576358222872786677571465929280232823426272096477749077944414
-869927089384234154858.766120632540725399684416526563837199856389596780505095927025231740555739021843298815059964264175056687641087758772705933283917030097757578163845294663068311672373153346159568101629870192988671644948908696665478112325557187730514587033644738348678111571926751500993028446586868411048711679
910983087210505257665.807013042454753875501378993350339260205776551307293710377943517478752286684615726288514579389921974004997953363127186542174168575230002234151565647829743274136302682826673612511150594221504836009146123456800450269577183762820690610824499429270452977379882539845073010597621053358967899656
-994361557671279922777.991352236730218660732782702236967167976153110629453476667953344181234076376162639986468725494496782299514585152709755937359566417841888302229496763004285681828765806399687149087036111320547913157370637209435639406162885231702526633812739905341726824428449628844419400684066087541864581229
1123141471764140196072.22252533109296421668837965541859657788878930811534500606168999523471898871087108006044306139544864139933218182741648047156081428035604224504045955439152540666117144934362663585176837276971221497243299198186570958920817582023035512918689822057275340315943823683034847968659839636457303386
-1305335645373179675947.39162246322223024382459803032765686628393646603780051993141262378260082158575369077603195583368771023307131804869119073127053193575710198717628396985705117079470792381243907042511273785755468123312640839973274730388878780317839721105526817607504876517866316643279245750837616575281833887
1554211584144349213392.5640840482436873742287065531358665301541186297330496416527552985607754968121586073413466230542300171672760541832130672918914319909857496916323754848927874687564959354435476405471475180244453149736588983092342863393160713762280220090926760445566449180350187540422726594605034555475872133
-1889141250495101578130.60926390126026793342657864012025658904860793329069613550290059611241137133982572479883318438847592822200672881100165297876075090516598802662016445708258240196613940446320179942949947909747931289972632723647486316068027023428800535075851380093841813543279316151056248882209361861707365063
2336071566688652220205.02886129741666120221112521906321265902560698421851576976534102676051090818765333400711981804807573828252184680239721641948013190174196126425174229956143008273014240138126317378008621248438421821518876282267154436297410487095093456016249671782112320979491705090820348496746102096780293119
-2926704309879258877744.33408134291745180177488172739909886128015796761283803590086832948566975170013818249119116353403165658101072985150869438837069174353593353712348687602652349472210643153076290050525962197280963238340691227593803980978303174443682360075892218806390910422050485491105231480744126716934693071
3695654645914782274041.054945132525839192839730264897341259672713282342628896898536879173414487667366129525297488627914112535845373449192524396025323206369427307648648508181256714993314820095602651855820018910167444050393762596562186767302642738586029306418699056351476644741907558309507572995517102203007996
-4675063378216258885342.35735658224554024025685435707436106666734297520892895080131357586537612641941961929845061903294450147513828010342222859257008979394432162877392629596346284532689714108398574512260818559054295648744878639369354771474603958465808143094661361006519397335733258443594966823298459018105136467
5885319235360868614551.75062013257116503598819273951794066347566986977458645782153154005811237635346411901270988521701780580407766756792309601897307197896577606153167592536981506499044028115097243761272643369096364320850189638876278619812591131179650984647713489740549852541365851144475920966160308441744003946
-7317828980729151840095.22115530383455918707713567690995835430864329432775441479675748496299573407342775986056565754306042143534362902381640525976403871567185209767381957880306024592251982440952568570274545852009399563229479721003484967707577660916049088008493216444414306378819457825861975215538688946503394064
8904344131886589347600.98630667188815370281267474195880492921035548447445039188609899089246305587214907814490365297483699215186268179144993291531717353735300530967412085053102556322464582576705917142253711482675119847419364975491210415572010330046074129477922959923580419841090456527815463930103896933969740517
-10476482803439156479699.0812844144888771051115423748117720656563671905298519013213296519855509291597099894687650103202918737567407409923603260975595137609971543081891469431423311221101295607726590437555080454892561298067807901691788298397691559076488091049424483458848610011240959936258864939630260467874829069
11740048197836660424634.5184057643496001884260901174171242950722561015637368641272933311348420332591489199414767963645475844274958116755853326377821236289772670158269654401191801900373045573476261777957325193663436469391948425798078360132642034279521296251101930431416376443676284970967014943600956315762947713
-12293964246747333209077.4800635351015792400985487737291929988102013728596266298951308761131468924662027403846437395789092319786761176607351157914094868778206759587326610202281219661753471967883430967425528394246370605107395197925014118490537342077849484594703500562879944828994241702593657027499387134157755124
11710479839095635271876.4961219444641087075172656443560183260443652965646915884363455041546390898656381086785914496822998336086700052262145278946825614996889843780270458200569626814168007609250074153017799652913523119953751402516075598050483639910264190405190753100680738917425727271694140387678636781329944047
-9753906778015520031189.53795622802286264628316217713372335400521918884929783497966837529341771993083267668828601004663701414060015548130930385175035272457636431597982753779237285124561811039359807272176936433413462960492170651335881643931997855144952759309298054699025784066430668457856080424597078173938147931
6730203446998439521572.57963775485133233256025760073883296177046582655859989784128176970656740136468486718750473452781370762214711803895538790487624401712743522499799329657383745425970952912273456119724973794354247159767162851799556630480010798296245665931125149527546792530334204261888795834653380908444459217
-3393690393274748548514.37640456095302637113935831589749405691627580245689806127830982192022136049882660566449659536720804828574597342612905739507901960120907873297864671561360140732985762286535141724392230871499827648148681604721950889952375315478209067900716169491884969278815335219203769364191623570163280149
1009659622046193380791.85191598106664863478079114869389095255428245821004693067771959809538089609344278994941215617730590049037371625615325742918983872270800352203236574231117799176682150734890842072452482733359567151970721963561176108773760477236771204684637659615319166401069312232277642952071107197365044204
