26 1
3561444478642224436248857998681.79318416019049072650479368598247506368671895773570398156372394732116011774822640800249616872656765670076738987051363809256206549966948483088857836676686967291090605883137047135115438585132869009843831322528456262547101442866908757558433262027055606746195562873975394116512568377
-174210232901016659083.193567513353020261077449365253132008595272448942855989811126619851216574783088277550333170723066022948139296097174974335039999301934425683358756939514147353852506831903718190703805644741640229303145031366210229790135436842668499594513829598989589583685638953937697363298786148140840041199
-11550241474976640940846617481215.056856722941934910044774881256683474906484263464619795411942563410831533489506785118599323121714894068384630630974811888920244950264222561874869422131822252660886212634933183488300476980540829622754044867319429826305228715460996160981992574151240815641526554142353119887651132
-174210232900977435334.514574720575471842980189983391373347497759474823257632470886028230369557098181751320497750948018322508504168806517575569019628439460064290782629203580764569754323261474689484276782578877058554678850045545756739133140575755144542423429280130198975288533686590586882623170143100399969688686
48182038061490418800483356366614.3182893682257498839785527536721127415444816293455391100703692779785145136254358861815817409413506811966056786882004649267280426733191552175087806866323975573091845218467659270342889351593433572444100564506343434296953167232354619419274127314394274185387016850966138060729927141
-174210232900986630384.530852847713840709196435606102956324770720844594026615673066149889018505609807737355302500127716155921230518226932045765419650952740355973843874729204184581809874330640296419895822342308352326101977433469711823420861820970733328499780739214449944959244974253024416120536470741944589159895
-218696742754185709029866419213307.727947060802022708657435548744940882286053119592067499808571126572117173811037623936166478862157848778242439091187744832298934261122529886144949777152124021523357200772023336514497303011438867545986394836963251490216059451493740526349827058328851927282039324735052152101900907
-174210232900984725967.515596303010272583776737462885432585977059455623447242974308704798144349450514546737846053405404872632629962955377577485119344100531821800328836282031075546435855442155150595326502737959665794441422945586982801451499063233264457177203885343983846676967605102954774569309630476282057671113
995797538557287788662576205649711.48593311021502110250344411854675452453981306784764260621303050315603271881715502398777785527737501680646240574707606563932014687125276078415647751356584572779412727361619954674430628577002513743052557964819663539045883456064132339108240787746905485271757498615465241342021155
-174210232900985111567.111821337751713563544842341286553675564965008941504402537398506840063838048572187826994243660814378230943591985008066286520641936168048935329610628140647957694991652593741329389822167732012321187017907065741391872766670151002518515565843156763510202193081907522309596175973623852073407165
-4327121549704711147616783566305325.58073893268247084140079583591577469095003844254119236149831813539797277450771453652324633489531932215613413752595270150461399532964531097613508549454936282447772389502123741469942698467871170022579246804621444097821074208856748217774225943230138949694387702486686484867337551
-174210232900985030629.672725427755829141463086859088012042453602506120621774269408121523442782923476910928895213671548235837582701347974232690875891881126991777842404690001573364646845576204639524380950843170701350255593093393493475213023523329478148070604068009422632457600612688208135945599802888826428352183
17305122272975145623382017706055479.2860979488697550251452818651312217350355272657883204163571449158589526250426565640852138057649736956717353197350226398647228143763127276528694768888322340707260149303086772601554633591639861726721849146507133022447863068289278771614796846570676738829788656441774637610660213
-174210232900985048974.444169699080421971052745139905566183384787783099962563411563397583242653721154023164542311156860866745006601542663924247373759935418647207011986622818554140146373914191850527251251892877486167172414072265152306673992119547162892437534523513995950560759610139202384707947161095402678495566
-61779312682568971173426933630433017.4951815885689540447950043081961384395411017767278805345249095336608482002986263841480397553349512628790204026260406228598856425444706782838962277157252005746497921815010776701190649517974401344010845479848404042142658923568469253466753394106343569351637790598139891277864053
-174210232900985044332.960229073106743933075855450264867418581846120897448329671171721707757205521994837456662930305594207714648387764813983110570423049881265709916263088843905465733794789767739304323277522172527867555826790060079785866738436103629554513192736750669278941525100030078031395864257498978362215529
191197183341279762272511055291506352.496500194524543270687874862756798861084209129226996755070940978896428278623530583759087333770413145303876513330973016762984491761438687946816820093976642044210411950845285023069772146087995279762670355093359692476906906946375216712204629494304031301582984490947290125131159
-174210232900985045685.669098150215850614338799192714270837611108364596817813441868106762202939681461444195974262124463498546025711055302476410811784365167165172480578581516914083781103481473244092755351548418408537694918959390644059183121009768181386739485023683570339032934344563246792947222075610795509796339
-497144130705204655442753884151324711.072655379180426488675228656937997647515908840656077761000265956740970698079383744037646969766684151396965215374943746406604570421094223065337550189344356165850613956995534475957370591914219564016352458671501283688072510068194520466719305377670394769808616750091198809601145
-174210232900985045216.050098868551644117579153220226346354731840306587507884740485631524264867808688589910929835373121177410312755375521670359747057650598224098079395359001901323057111794850381292935497420319717537642703621983479072485505037341474277188308159839489465988115682042399449689696787429950747832501
1048259221874949219638263189891824569.13441335617670286743018554791341968776070697939393650239601856226865577364754230168139059096277701399597791983875047006104790809220669021190703029363925719672454730526334933180056109371094804111677231462106970047527550336389199992615998800430126746827076986494702029885165
-174210232900985045417.897052568702937797146001335522175794984012903188202251155940156601173779647100277281971371124406271777827398559227168711863433109668362181540376990840827835905736633503114985738694035741550904697343141265667294628647531220562290932872183477645709407988767722661154598084122520050153615335
-1735126072907261279276853069109143675.9276964292439200942800668363433830917383219817772768530452959621905870727545783924375804187639043849907747230391493041426783423267855028544487576351614672784674080876863614759435735855172451153584551153329180139266128382723016222571483399151279544279065243238785745392626
-174210232900985045307.070962666402803661448133037710671697843806278168990908346929783565523618417331338927570862494375331862078918011118281122051981498401227846516225077075078064886905477437340648059933083719615349776267102656625401828739259657285858962975836108048488288963885869295035747435227292244242595143
2549426862493262277028609594370991984.39496827274286089473481649826334511537126931923892300566696496239553387794935418577388023002489640879789596931188782239117454910315652738033116993797178739112268193020944374343211569447885669892627845028357780239859209253883056898953024299313819733274467290207630527061754
-1571954625050505670904178933219076484.92082880896207357335825259040308519194591394611894294936963220184632595335206700017572206876103453207803201833036403770784278174504399250578426010548656381282545915504174858183125963617931578345305398454307820443805074313759557705268698542618744556704257471156791061968247
