14 1
-5164143547799976205.06663337569703416810544044889938696211120538259225318981813629105913362561898968581027067849969091609472861435188833070296287607340942435312841020678493993855454093082461060289033270663238329544471819187802165513457674517260040409030928454484995215453180995175934903803840449219812138275183
7843641843470608073.81068068608028165937980388869329436241705083365224636496859530513317598211278869535243924282445423265901974495900442713086496090309172197051610885483808571861576873200253578611653655932611789018867928786507975263626192942723949486499761006304253466933026082377129194859046369854328771786534
-4867895640510530554.24434424569002595556600361252128128082587093549301293052147061139448252349620530504222021117230191088295808873706179826683950245454109952550794276538801904274269644215991577697864966474394552144098995821607500907223471955769418886865548940062362082309887842557789593240818900317346117405836
4266158390816097647.36137537404338538546380547067934594346745888669668091346977741246539219581171504489412432880053514105957422541170910088084053133300963693394112664980931773292099004356084223034553786731991342090930841159102046522856846406645034497642178380818161143254017014889831016486552288882500641892714
-4234298709723533324.9703815705415828034603455279970467367049279850305647703950738906245703570723911613620251989441215705046683828592340398961044059437985925776563331133777480120590604657780964689776887424169943608833769732913295383017391119931658046626106729059970077372875034867531627111460756758483312656432
4536079224918667937.98189771259897008695547897381374889124471459955916597709348825792334447549592144218084830933903424427846539527473371622707307760884411301131390097641409357073977458297313732985642213654645409584618429461298971762635996863895441139605274807780855056788296281723872508529771901743691677754437
-5115160489986616544.23558852392864545220596359177957168325735669346597985498563034919247677224518171377670389543909337318851342842454419707158357913480827759363006803349991963521816337622103364635653789609807101424483280172242046051728536764879959030970785007111017010270535572318704387517645654689048841444231
5947664614543179979.6389651692608340858627812971536055483472301985956077522897962830363134632640860026767306313244415420342765529532818146917996346384552632502561085490739916391057205671257163786720179604704831137016910352028895020252243129060607805608349384882491058885855606750980901684815495831454627080916
-6972621886837714162.34107342663676714748339737780203701915380082845891905939041314120406013658255319749024115235711157252480203652948785752986817232369610846624084690899123567235953983446580916190677152907834462437582763464915565368039904804804293262242435343377771305138242989887823515274400250356176252792316
8009450328013041346.89652878352906000114899098774985433298211004959820716550492563127577453983414027378100343919154192959019517295483188645585259577698803890591602403163998550993738208084249405907987873576385915043430881657411515551035775530945435327385530676139051635475315428272005419695819915959868735725474
-8657207171747057646.86868303542293297786517168684028438761658711788699351538838256016194586569982626137106223656391526596110033122696934433301806377041111830011678309797279815719897636737414235311220034661991829338458270076913571904723443284810047808657341725796821651883115360044757620638708808443048923967882
8260296339779575158.36489852868742196689998575010252484362623921402980218803780249373389740939886558403158354033735184069405684977017683876929377967685356785996729331387055781453219337269044552392600550567456557259943410198612829974882098410081019117785051535388132284067598187501575068740211353957510230320619
-6190017270851893618.00687164935470760297476524218304848522313005759829689584110328320927600427444583357873435438130351413081129146877984346644234236139061296333009315126411389655314127754928248612765346287106584010927340902400920337481602095112902067280306601260659343331766960171484424129342290133605572769219
2735009750766065198.81050121440209579232627115303169601863531572380191039207028532461600797994411760448053150348807337496983080756218354344892736385190550971210903572205235947087099713428889905981373356171641943658980288675901662788130632431792654566973594797629695949765277705870131905179183841565776429549841
