9 1
202036101056.062671490556925864098132475746979781931456833050504609091806964908919123311858294481202413231920972215093606918562917240496748189122292196537393464458609963894994994773600460873541177283561933787111689990987581715990954077497636564825479960095339643019697890495918528903256138895905473838440311506
-308478561384.396003355350464285200333281292530437539444097630914090364222438214162964825312902800813456823917193402774176312817231835261586323879010227299851986441803373077209399056555267771099401858226712220960564560911151502530696628927274489012112478831996948575798718423634440752685736526229837678027601492
196195093294.57209881116163040340156586707730261843590158561190567182099814024239403599871802444258279404986957566049921059861674225137730616841971232126721655309629808632371013952736758797386572463039153518082694442861557396722163862257445241381681118537396757826198920961003519763493114315474498482940861071
-178336019453.004923981712250357751633036727004489448095535130830341182353481358090437338901383257531805481331684868680791152764260055309196189345494700544602059027756336209008275322970446038813524336406925658285407598220639824546849165275086318871268224260990376958429064191494843451066534288360708578926677772
183059773092.755165384819071810472240535593968100557943989796285718608538453703714749459548865916273847349825107731398472453804452158506642691371867252969088913394463997567518151457573662440800326458290213819280780660560923611298669950573460672395013394695888566287762188150540947089645979144837064254548659538
-196890778926.215851295435179295798128102422949229954901725796274940070333342373698280187117784578342585506887105052696674291575449329170503749153028121954036308561625145063760625372736327021344228571203488914368091098598975078379228045756767471226192650783608725147496704492268931492984983335717356616777168416
206084970015.702531501557772210463979174568339268122604083058349569519032447219559655316969977392082609703797965638122476156454801541138763597997232477278644181172219122909978496441099204008905575702793164953061093700939830600879838320323517809780593999899460898519738551217150158601287572488368658706641615219
-186191833078.467512108555842787462529835214056996682416398387406759731595103147691837259356046560589435307781082380432583420915937501009857510134370405309140010195682748025001327925923381969484008711856533446710965465804968859726517196628889422353874753030933372067199298266296890266654290137382131613261693048
108958691438.713714742340410971347803754187779789816880391012917626016940039701562275457073791788223646003727829620491799371000923945231153396221701232810066821984524080972083146941982281405836890631492070875222280067240805678788878866929349391368345027831534591907503989579263745965456804955211720486877845455
