12 1
-6195157375256466.42118480575032741847856604260542117517295711069349322015080536352947244690983030020413598859032906580202883907217320007134918825170800321108233925407005409277451834898460758987461316742995826453316354262348698700144579864840807080010759936867705441838084278797186597310761381927601234147325938
9425512699623055.27149356770475195085485820550462724636960495125241834575762806228145169582462869616274019469378608736633165908355202179928547254857990885640589801737374382212372711864037800586032627738895594087944380858947424377737983383678810128326212865919309024218721634036247849199709628187200421509553967
-5897190400348332.1026519179986997697279644599412857606093391094428059561544996238424521132094335816448662804773617143568747236040229664850379162787107704117779655109842001524735058599037159367841125833321344730647819550667182525705542691613428981929225913244556163262595069673029295939075115914945132072638675
5236264973644803.25930649310515370822644110824363764863112074613200588100984210257324948384546504349469827365723146033305774535071133868543690318880523481800934414551257389830386847871881119033848275782975164426895794587315071813952883700813814001235472208291018419327907666623225757188616181748049055212038118
-5277158170265132.5305474551814163413118152161564942878706039704789942197963383232158247442049541307009224064582931402623167439653071339171108817512529436703457146692682588754282272734648928857326715486358655159381848105188140503170316119802765930327989548758815617735567975949305648462919988568553992420217494
5726472182813665.7388348502953201594866352254983032519266189414702286788921988027831255144127453934766087546236782707483723408974572365285469930154793911061548333742651812283499853652933530435420770064024194252231899521563642085151697552362364782369883005995747813759907637637237882994913677086967185498558294
-6478027056160155.13255427911363036782620468483248201731063254042596835565297925727530025299050085042454221760155534360510785935653506181776962587338483945378238243133368064725943094364320942200326990089731521791087922906291707060230767402042905206252983749201780406294851114420532650005413826932589040763591145
7396620442477950.45464756004612975284003985388902604481110117747993061785917368447393430466511933570504720657249382913502333989571779792910799538597510145885627576907138195851821166962976995583299769202115758411877991673335376672578070871770994806638594719367437640140687504371811256555245591795125543272060066
-8173759732248885.13086560285925759438351334951425031399987798961845769501448618629223653089678784077122569569706073027255687935196836748184317032633034183181568207751040290033769888788309051764626052900341423208359654335458968362626257433660930169742015545756664467450202347817163271381457797539064893290867166
8196952349276972.26093720582061041166247514422019894349390675387825337036549566582713136233509194642017764765881088569563370992596592242159100152390259181466484325800316055039210138331060436946983806392188315786349901422242310395216612137826483769013218789422373663191701696439723605819494386041413814389325715
-6636286708588524.03830508842095985940486680295901914577605729096298213137013968396338110105726157331406584297119724065430746792325513814288071573549439205529482146981741652156111123950448609530568014349257785570157073435180168999918467258017476321054858793320032692101986278819273087851792693683201625857603709
3256802784206120.55028851708571736244824790393997537904466643327313571085198449000560729224020404675975074614418869204401374460838599165008351238351783198877647527663162991803053483905168435252152947811890109418685179221390292562112469330548947946082334992760626064371728404582858417161541554738579784737266367
