21 1
152030470810450923346584409731.954884617151948922093300592334868325793125338074828723771325032372257663351075720532505368604451734227281575861726873470473527470751714056403606436108333755471906244136406990612483183748924012031978317349862768506771737349023709727392943962512616169065933828369010765991826073483
-230041958206331097626966374942.709830938752076479858662917072752613350779562609394754073147726403894049558657631194822173754521296308989782965006718496829338419972633099185343343977024258916223312473213761840079189010538792920063104931791823902205740248641100122091240639474137787475053899578952534929019836647
140147111804535408425156359622.247544950310766119702606776649705593806311541409319394910294343359677719437997711620373668763799954732945226726454607445853187146476718898740853688694723680083456272909266151376455215588652534880964378571605118541280289148117020812371606511557970618503334608024623426244419009352
-118992694891683963156628636670.178037046806205747066673985928363646776895526399493041111987858281149354467892765391487193568703533514998694982982140043806063971661172730215876393298053728054301704574309388342391213168530851338540392306322705052013740161583804262196014718674982453237490785433240775938607068819
113265642701447440762581349725.91327707094070268085889811275543968988498426897357937937252124191132652601905593869687778594043557318770321903004021451869166415363622577487324874146508461646833562996708193583703985103495181594390258267068919342302387989970347471054645091025906191381652888072642387624676779931
-115735875281611864762809311636.766324119980889474470187724924206692679747602943537734459307577772926413659764800314121188716622249034338595833888299832564305865703997963076192128758617470179961545947085318785351764110273494455255464087487766540794702737887247411169037861363965787849246701508774056502325666476
124666025744615093356319817372.117911867175695602223628058988935259507427252521710952366692871930126564893008455523038141786993186651643663250351065084345672467368824321101389985489405618948960871364001798488064778214514624558724236189847123920335314239179909557681394054827052462846760177822746137784444320198
-140043613102486980041464138715.417844272491124750776377955196622075306502604879607884792234827531465925098348766831728033520406179992896610087676954959204290283551852614876258280616064424972577700357227408829799962808517636760044822096682000350049327568684243438516245096604478105971084335436076366772812577486
162730036249009566579186359571.448921625469736624541105682496428302640788675636639154460003661765753320072706308456354011394291843414989708796457814402433559435011862155420000744808742075473816618517703551996283116901404904989534627670601143109190664578420331154978762380222274037373483257567477088203136657308
-194152482487628959637235835145.481744883132646199010635875775959699657556334915629827805925570322145210102992322659473786175401051212137776210427994173950454170827608617424667790425940318402518975970689441824446514896786589463099142235962862420812982039301853114086590148334373890208414939753107550696509090416
236039992949398002706586913917.024730810248698289493720377173575447126865430822460499668677525488461215620102104955347408142576639907691267018910631626020704237102639720415691045066271505754115820126781896460852600547259561727633709735605294626051362619491539037213750871230272661979426990226118002381405337532
-289948880033339592514901585854.56648173584722262859238141862127279273037260897357584950860344850537759930542324797028465573317580022582039033158516831943222925319328520237544991289391143897837547953379371955632422896994105467727436334051651261691291983372756529669059338766850675259612563354079448947786377805
356318254569976897364531724438.100317571558654009141428077043428606379467385128441821981274266178879354819435662801200995885228716479070786031931635407662404614288819259962259237627581089136224219743298581163795352185641483756620347684721414940555478487287711358279080116276399210883398928395358079545398714371
-432779969815187286277418919462.598631973055580022333302742906061681296780642289855211698521538388480910461815885238136276292195875662932166465843797933811621679259864440760390419050519920743134625113862851102408657568194441466176886927623956825290693312382659763267616891202626807434709867114654472883470555368
511612669172892303075965763410.177492369567564858197575245034960350061227777767055353794116924538806014510232025510553674594318819464339141287247616763161530544196207537409249574783621211751862706314931582168183195769694576132846688439484524426178886718629924390215501872425635992697323017755738702156092872907
-576905995302254574793036244614.48193619129572556270818658130657187730854047239936325861243051578198898855689712912008599565634776412931233127444396603959993595699646260150800207418240301794574081750014669749100634206436130772763546653154430351207650811695665732930482911161255880988172013396195708890942460977
603586134777904766843926145616.882885863483798821632054991705424477551139946702942623529346842076103203501471188131001941352027584632739891606362081435311438146399869449014861054852638815240204947552551850991476932257975282451411988313175912387307081411230926450897258014223707824903765986828420232013032870962
-562780144554306347470528049070.060989760191263482705146438387345646388259309830940392181663147156941751993514100114440621877256760375862097545850745555343120861719029223642117175892299679304652794809071876926641453650998266702175519974531925018904772940867790026531374725867641068469066652816724838187486426363
438633604432693449076680157739.105904323523838972975784680874092143951353036118137884116860112891450634817461716102156104243809769142983114584016338394614537069776354655821627850226300976166977890434712309943752597635939656018311605094518938398710488240952369697105385918073875063385348176212609626259021914436
-254157699979676261319663714660.640501455237964019151717520956980489187198494837248870885139324660840758329074841745694490228204554184450273499703074689194939077341492295530620599650632770968485003150036222720587644669300767361440550202266690219764204610644337692693278346292242998265777675615306021922740819847
82154089849948442271716696164.3432640438271035521880131221413876019905292338210987726919121333075539196922953377274070626240818126525136301511135894148197634216409807820615125429364507905354275849485744067550896693120914903210242895843295600993075511116621093885176309946656931522176276367196134090107312114597
