26 1
-17987146710859660140035993440137154066.1125484976193537889394248592028958223128603347211632626228973993540982054668456729742275152723712586347740583941078600275468525170393080694183549086613956470588891945759452154390269550633208831383033170294321020825504381617548711623726431162007352554513525627964608994956
27174709362950630710595558412269997742.4616493579748951291405594824780738141011303641100158253067608595010600835827010772200298043484226510427174236975142726653937191835960021049633875982704022700786802411432838991314707434293685343962975278100743538298481716308800636056814019297860313477770330492280912825301
-16428760725264517361551302936825568557.2359650562347181523272488503242153784781059194492759243040936617211356305556174177840549435691700024267340728403709133279221169973468955946693259268967106588323228163776073228085678889582814682001402684705050475607246208270089500940840697808602731901831493257361016075003
13761589123910127762851387088626413714.3353721219760207967777239775824543391995711608718262981542960557468263765917480658927747120734060793609496121557386745894339266461071373664196623610785116805100006285583467535691519260845858020165824930744990391087076538634206309884512885880315809827955751411134077374772
-12855097174309465030479669172058812721.9812042123362727623601321482006670459915028452364823128344517069966650208294717629412196134729016991732728321609737049817205286028761036143076298400555218071998805257233645525792238351837581550484049078723152579414064125566423809954862684781495567061471971782741720447466
12833051384498930272286074913894263295.9276667558469954043648988514085374243015086347896741938214439750401060479223113591070185976250996948018448098100694613368289423160223919458926488214230040030683434803057148184957335734583183227395711277055783483175765917393711945909060182043444510255301680626137271813649
-13459820356651328644477078505505364275.991307030263417077226056786818456469521350879358226066323807786191424800201400889345571970213882694432801393998288766690834995230570934326265810131130532558596512018579781858636273345668845938439842252173819059450190261583801433090213622961841409236824439226119469530361
14695135919686203129331367136489864283.8401512595375889263635482507576027559890830100921833279784650953799411154208181940973678468986284519443211552252703063815643251772148254040135884882241542849980062652623016674921467837996279154276798297115354698607527691091667763131447661557971864117408450834878987315405
-16596715287493816752894096603576950179.2553471882548863079575153687017981516783393410150684888934522321868583995972566600460025559852806642448800973709545045791696602959926472953812639036715935710694672214740317712954704658713646509259471089189193611127627392328372270338971526412235795864264526082395229397709
19294663780672531586477713005523928807.0786687104407834961042243420692119877923727828771438022839619615897246291283374517309418421563864801260163683886559294707449852501147784090510969762370796625991421230407514668449069478370382444197240004910644749446227173698504843567381149866334812122521755346308168139604
-22987283092975663539550888466225103754.9086769737571206728001914900053439490860295302983200765788382262618739239074045839111480969134904626721777440535064675947612478886991163990260583364094186970901926900938892192819002405019757429399249991712854178121067329791880066152973446286475640682963384877381273640325
27942680859880535921605833742460004636.7322233363391235115414465262343136703834086028013732573055279646591783140533448722728369772190026473937479169860601808293637550608463325763074802278177599960345056175363064157073810058350050519682493229079306962557184566661696139222399963617107349195476123901520525537133
-34496314855113796074651857434561489745.5102324739380188460912135922079546156690019382635451987433782909938444262572874989979951886435154458263644909568793728716561087298709213025287665885838534875972519686432395005708438507309599937124520634409184683974536155756908878841369540743522279190299476864295139170101
43032191996858788160108547815289455836.5243971118139818535535658468774255489303244542274331052615980741677620435843624133380293572568274257460194873943813158514849184472868866866090625884633292429823964453419057632647241563949104009182442131776563904589387268727088284289034930194530667796582983972267243376372
-53928817319582347191619801515615279016.4552837149406238222642182771038899369833650135308656528040733661213894157855611721921243949388490904790159466359215397538093685092280035119241822901307461188794951684295999462690077908965366327843307618596205463660221738717068196813469053392073625965881893188843958222584
67442245202274785227181011509655509507.7057505877083497647521891587198232304672592196301691448720162976869362974828690787978229467889363704917186702455331748880321310503289738414493030570491762105510194727340905591759337511377630923956279512420653093199844848550509678916625800207918371866674683108088257189602
-83492860651252706099231717905821698328.5191924618334026239663261015822251059436559046731875876623994517309790619493861336324523379732495769280975145881702543248881617978547816022517920214510086736739105486000484774669830098946672947524459688336826847155641155287747985528935135179271598925300894089725258308818
101332678811213756119698409666116884897.061516133872164740980989240387655826899336197396588155576538818796507292882308264745639157973290045089434035668227921033329919636220708147114381277179548813407813005712294622312630132414070097134402714821680105184226938711298178996238738879461393012335677562104163567933
-119120962619889281137846482294255004505.824590947985147096486841366284864010644836341178676398688909436975026960900988114351243341428614088184425787173165997093080741777041493483002860251341879026272848318240697116514316436620995323204402449442053266915316409336671436386979025037049947149044791256631068571764
133561677114260867279981370846181394895.746724779217268863910288674547487053958718974394203294814981570097560694521981791539374523344094462290313156896144863178926344367207631904712970659172594314435010866008540325853870964496841602681526074799528770626389970870136539844058388024942375558505670567574840009651
-139969742397078184575109361573241892297.317654215544149497764044089478429095781031217972157507775062318289888506480636042622797808736144035041209210916985448982354212584681288781348316594983770074815503946702966556682041482007114591966405670856639776823597521925510600442075138619003666089984822617595907322373
133342845826109516301770354660421923514.947599753922178171598265464663360912044009041603008951111055899006274909255795485774046554841509464278003623876927732336679418136849643716490104731097330210474729286801723354340143793106801371476174785118711882907831406507156656231103260628101865916857165532311899690911
-110896565512478527251924565596552416469.569586656903861970730788943264807227546363681627046824184584893813955512081626277338173282002649419791763253770632181620316035954187139517720707791650124351573280898638853807131406757419237075420836287419201236880700352040236155147773037470031292097768350212838442430559
75510472313617175532842160628390808299.2417144717953442959589370409099403288256980396481712749252571766054146309308968849318244726227156142332856125305131829436112306067330442095604034019223751814531469489953388780635742271331560533850094094777479402735736394591755821848248171339746259157880664055540249444098
-37431626895071052501507175243930581771.1142833467456879682615267394271163523121542082116620325358798235978825487617156998173367497121804774064437519422786726500217995850222503222940893032141475794044912675362316758049090619082959301230056491416460978302801299028401308852246247099248271222068869317780711019951
10135036097440718339007360494227924043.3431348335422786381680541399554906800850716338199271004631689864115528609442555708567275330617836196673968010967538555206934783758680903017782689243375258315094010065105309124169997105783186797704100906428373958472161818397678199166485829465022055881338267094123479846627
