25 1
0.0321879344799968874180950580778960160805505202435060918681002237608474814389964983109165648390597023324782801905032607898684800916855136956260268982683434794047401869332507734003596040819483324089746330316029215152090600289575234204796969452083914845121429667813369594487121431538476752014896025323586287227724
-6.99422630798030076519099959830067450395012765356293596202500416783892683199139499774915732527386449023153435967763152752254542950264208500865779539781298046369428300383963583177783435830517352676423265208588956395959922032067728627168512431025123247521442415903424605626011256079024187692059168219551775012199e-34
-0.000610609387202091071155644857883462715948912978809901733350034770374268416534933233405031015679909025470063143106360206915827407951436804323423271730732840459903479656900015453539973628708848711309863754161127275367969992013407209065892952781381413109914193933238657044735135074001187546363198973974327705933896
-0.000173364810472536016788675355493163347149233786265066907771965008511301356284016559813526584449136805154252375534603961655539227547203332390056057871268660164672578573293705999615973024615480238199253172690949483150269765574282004391192569482045702653926943637767717582528414223147935678421216198217495849192059
-2.78126308134458294292927518783849358906114697251157804627481710484633533970427239177244032042753185885792219443295302815722205607152395904852954778899028827907472554072897436488078916817396340964805624643560303809606699602925229978541141316077878132621728569438106756415288684789073053153871684312756538678466e-05
-9.23424674296755918174205045812570603507981664869710327497511631712195723598522154739852782410279244354650858647219176368720407070309276579461429890525139183835469808467953583082601981181505850965434188478253995263684369592540020269782095959655074961859484091657212125930956123108485341033571908937504237662551e-35
1.35977229468691992287904370839245859241145516700116316640137034075099036275293707870431398199070677908815196310429535123719495400055665947628514720056554266527469737124194013465208168730915847935741497138782107298426634279350008150320847202268452404971278505201338262829337583239326672752567196654423607063276e-06
-1.38190690209457560285218578251343479607910649922351805459677994506849020025017542516036516209576100363556599982829896441988729024247541424271787444623796682798157055766224683117745741359967925100886361915816717603407231133977728057275619719704395407685514364813133497042398291283983662745542525464820992895216e-34
-4.44612199244137025602796821822619601949812730738697533644691572994675226576243869285137953994658799477618306158422677039820157488228583211221336265554088224328816136700311200284876875447508259948955913892193448809610170878615691716015692270296226336193320999068790274458189398282967117728948060466466186846201e-07
-3.07073108530952726378688038428529366202559452983233763762910806737963924439050670433930810975058493220147855709382330438375190443058783078549077829350573114246126766215372761049229149286696640675421314885307158143563441622629945993427664487303235434421462990109625515942235723005101957035439116585611381337505e-07
-9.96754827716013354378713669156797955545720816807216946711311245047110773792956352961374011217928835427129401465938690278847417661186157082863393527273351042833501680318851192582411605846241660899165972158413830229263449032923405060586387010955682895468972306200343999436822677778328517440829358783392942499371e-08
-4.2394948953343806439351456997324882888338801094012387963581657888647205354492373733505524094638845013905311727383357742576549800566492927375938909674940154773242126432721569319146526551947442967223630687549223753429839691263630869798493112509049385938582966134486198211015837849032207447529163677607455212314e-34
1.24125553637828959243672767295600433939438646492762867115035117687931643247758403173658834215539494085552699279490120000214983418028211599739438527813993346999510510378841586847052019623007748903454841488638775509695519067280234229530897123733739901862737258064157633592555817951733753482618438719799623764115e-08
-1.08057807407023231834171969246287342604596203653273636693053013126777517019577290659350790681592763246382100265670724434408255809053719944741915916497868388703343940423566784129965012827674139335423697921003690015274829350161205689082427049654771995398187258962394152884964471588368292892154124768948874333497e-33
-4.1456104942532793217442948301593413721754528665705922206343995065088443874658991035804867901200553037017871933918442972686835395480653430714955021823904109032703160312640626060902778940845939377407214567045989044576153006710227628298196900583695534355684076514650810625339144894262348717764996284262403444384e-09
-9.51403861763433684832365522585494663973572950323716502900656619551222717663419113038902494874408477065736937403063260824781745125973259833682148726044665087963462867279992911617134855611445673738840910807518640631803494490114762494243676412837730940104768810712852726921309906287560840334908051956392564688224e-34
2.29519832399989646002125254191277296986932982123912574529519209887563835146128881986820902980150025157057492765403745647860148781852896911535699292418322142398294395749826558547479175511507493651021345498556861543964484931893719562443588080166367155261608197968151215706189025998014605241793169008059332264372e-09
-1.89830393525348579695248709310986587627479477186818051140023952071307350827801429871745172411128542189821407964535244937518273890469985845566930735927503756992001952249728890982889419275481868366745589514923233550410640041473849178363471894778092141397774922104351038952728645187509190531752570857892786067768e-32
-1.99527543071927725254122249794904047197916248417256417846339725470806658534116064162513942383175436313035232699788113234680068426782030356043694097233826737275291604988323270637959555412622132963032336092509541800196224146842074506608348386437114843045561454273953778381393114315126418475697988344025550915385e-09
-3.11818298032936166921018019986715541710744650230702666818182143561164793589336722168213227983820614729822964498890391234912765720139726422360364611159326966373901221212016575387757942674410154544435621751533165575613704097316610087888103977600568405484060568892107325241105413558838271876325082379485523811368e-29
2.59241265478646156194323221702699081840850822333557886435875526257339628699271063884245749104918369505786592582110199617815009977991355185505862040051686938769801813186128270505621850828665944125625379262174418188926613976238184239537398256806203429529004737055868825890503310357575302163642006770577353325268e-09
-5.59497913829480952792285033619309077420246596105483770840841311019231962769343605048361075693874833017058630239036135170300224112460268023487913875141951022402869090405315198326612698045477030573317796676953672795039251285103612152104712059930315939767253814482547086180635687622079204781959022918593602099892e-32
-6.7721351975041931006680495109266028798851400127130651006251896955109156469535220520504788191431821111917266949790807146942514058809527351473894584322926808006737696489219412777180272241609600101034222229696885427464357056857461664083016266083042090507044145739767087705937091792313757316063081884409967542962e-09
-9.64945892322787808224824640389203785701037168552714122926942987099840337860997688108957317465395602616638021431194336772936885404391408495037887125876301100096584128115270105969342771615492491145281223288953875664422796044336265903037468780133999980570968510949802138631177199752453235350910585795090223577817e-09
-5.24803299367519027576102935594410998031381640142855394458335953853856186781008567752219487388898897823600210369903409392714499817631769021597328238817878995359898867940117340896988589492393195591667223822703827401834190594529031543092165341327037984444645732579907323413163363490876574142537882988799310144735e-09
