22 1
-6087767933043287297730410653196.43142470297033330477461716739660478534475192866613048972992525511304000659657248100032412660074894059359700306939601141092667142704619631151613135812043245037283225712778197661256797759280107341233227993404731631427511563684233973498851767444937857649612720757757052383701812527
9208239716770716688966575225476.05279150521664726733652449158666089956264550163678459505361887293132671535388034180624388225869679684585107490701767177519188727191691125977400933853422011274596030880183688635753709514497385484318657885254739705399079063515109435591436738212776482479919220949485787169493321087
-5599807488864652248439090246936.00542111765598338578903054763035229804881129667160351710415736714023872383874386906469000051065512797878555066225722983160918700517023532826076084333363944574585942536378483208798134255677872250538970583360207704543760995143023492023100593186437498983641120820193753792851505189
4739599241136053867282521580915.49064750487353627520826506522068610756771857283477062125475407977028790248917368119531800404304521611307931102414012228969976974731299070418987038966681977461650374379519362062273841238464476169562848671863649004950049556889053751099595768158850075562347280136193443761686960592
-4491909233442943080385108183322.63226570978254431936605405055598829812681631924058030603102315902038827741225816429231216335766353626723228891870763992914532633655139366441256830891597383601185540331884932809570871798622374746249496456687694821614718261709638753558592882280017070394731492647954610210979335144
4565528262996023388685298864124.28328234491230945133703300228491931395939539840840671733346748966008991776684236493069732162463369326721996310608218568599973445037733463965338135700926426024209595106450716552599673336321839963114098452227155913673865148132632600139693729926461021790019161046373403865563495274
-4888534790985483720679450428521.72207836661468203865328656242761208405503019702150281892990820719249435191097118122036412643270659590549858835865982576356743516704744113325938654639401862926994471233378160313497406844154878487781866038696002403520789747629217042219642414339191758966274633762738699257875149045
5457625107805566612431907030782.08688281525483507262286332620308901883163975640196053193514096004216150475205822742244508106504378736434738951427084447547231143591673582751160055550612020887243382874154555757873074275025758521071464086891513023625026303849569876785312292694574038683231974449561970830196170823
-6304673260529359003546991155696.75585601833778638059563010303485087453538524447766178813398301466783472880796338957302973016355416175244099371757411559592336911907349849815839171337084555618754888148108921620388011395034184222132223935228333484353790388755136602547002035465312569913702870879710967618209083119
7486053270887470563456513128951.38320815628932190549139767254594930213757270662831359638409756786627821805145567686991215617684976396210309879254240429221760096470095997051283428463018212670545184832590163951501540936080818484995049640440716659113895326320926840472230448628355986229712627542491676753334561779
-9075785648001516646174346789790.18835513926518753384497251069399182557816764739118444349379198115916647828285534935542593841362920447548894332791623305201298075190393230438649628720617545272068963333445432854015538015994478710693874872003897848333286638946972205095457140026697875973725967904354599430997832021
11153913765573266179425320818401.0178503221908056838773748778849041182762579653855541879429583312389358734725575567067514339999565385139981947805869991489154389261136830003795070712215177179500310480679291033567057313881032134006700828922920774407909934129202416541609262937775486697348230876069578069602809684
-13781630574536062882529874397420.2484757979098252437778641904056257077956138481914833317223146929738667875258448063495046481849405176699328346087682515806060634301708668417304496510161722186233023738298207777494949818993400200148179831388014859873267942923095354167123365971170129416867062807899726397562933322
16952701436198663519052812685368.9868927252479172807573192718672531500065296364534221752625558165225255512876524307527164494937690709091333281812008523375219391269365789199990391973773629806407440013724736975709773274367792290365518387970049721213195075350381791466108154887146527370092218791884294796029404985
-20511353966536920595995635006721.5007599524480021155504192085654633709415031861128003656603148230378439509476763382245570618432851992387633008735833428640747860475042876137808043829352772634843397562636464111727465444869691848012883458411755952041435482859330185121527862738954187499436441185580782588361371683
24038310555277028538673775280061.4542000575283772593843313532899735344443111532690591247556822985035381134045295486141447452973347088878627692415091499982997849520765503232180151917629784811948329742767456275909956071605244448150120093887083969760030952750195619280495327249061822237540514073275177931720329337
-26742810366881463209160506189220.7205744038868677038145519316613230889675287244084575474515683244700083715157291266615882827358954491215313438363813306528126329402268789915946713427260690262067346857358404134052413336055367403304112354833443680992187506098967905469123643895909414619805574367173719156166175798
27470921692717454558544674291056.3947406159680990292789610569143858843188228396451767071295521274907365196858968284806118978125564389772729762357354963121634197172722178558537554879707002480201496211307987802687855686848170568587902725352102428003102381881148114804455229986679249578806500622130956163505047174
-25025487711105092802926697200598.4853554298585435874814738406832918677261298067140092623880277780372663317771379571851333924767509904493274704880633403233443909758683764644582390222082003952682302093298764561120397828123311573649665957985797703580234039885180959207538238442206795222092349725607748167387924956
18963408547412395779435151678297.5705327453887002066439107241286483616251783829011143664184280412002966207932513769809123741375317539454510656227473673093760882826391545413946590912956389653924050739849917007540461462199673824918815590226024409267032153939943614581204677556839736663586660871815360278922905489
-10629953263029963521016818751128.9327064908299696924764300711483829271966839873172390823528609099798840550735629049931326532094955340673113291413599816911611743716227415520692323944654894362157904382960161735945334783842935070497097116632498162242070143805490035628519994177688560388339744819856014023874471202
3307464282065671303425501979324.8293584358047436325540239602288631221724782901411546945176558763508930096242063164250080000732244669020437378967810166763239185295815357308461734557317008575771447784606916993611198785252791519893397621515997195152481071285741208432925027757850767883979624898860516607189064716
