19 1
112728870071782603206852584.441296036335728379032694014437029537810509199610900289114743941952301318279201996981541615106597979559627370375067094348240423244163643425997739828331697291755072150033875090120200359292163676859240354707155129670765692119673252912030980806102663899134765253659954317682790075414312
-170716092804211969039173856.230037084040718033505055205467366801768398596287050530498412747471366088602668080435616676072533635231552739394489298291852868950667417955756222275522043314712213119691043675733754361693680687388306769040318269762478096086386038997694158871901002815252639268298476443285675018297707
104434030312535177280653179.190697873718833752620402781881544244414863395463058407350762389934135587736647981804167442983856977842828760794876255584797282608395619445176618220245576004275339208092689841978133737189509914345586773207995812652256118120305738561262737137640670907048998692925800265635518498025607
-89309758470339877448365533.8190406148558076749776309733499243131718944619576772133562816397651899576453363136137190223988894175789750162014675763306200672932551795041642503030266543522053174399523039737806408078703554733994336900345058315063345266703023174542268511510908458330102389726636726344078086465440325
85851290378617094673604274.1459425207033500642835480512859179260756641822017141701492706787023872221667910082124797108611222850186911660256951495524029501528651088816222294209102324077023101193989969883316716023248539562588592504185971355317560429777332656919125232594762151855594144963765127505161116265547442
-88768893103834003566316083.1513299154506006597094957775001756302906038330026786060792551418260990252220819121738228033766580294414592865547703460836415801123587212600661146334158988627704757426435633876409753887625226831448440409390926871832611626122110298580633610323004756723397010357805096831060460026981334
96866348670631167507957635.2963758294129375864434839516224658487071346602572589689116436288158585434692372957888653717052625644916908658100972891920347861870851117479513317975471781383554541864059782329397111072128358421811589553639685550150543510042238305146016384562734596524066708005574571438981877519995442
-110226175950782979859892832.501477733487201101399158108557205603043387161575517503912185150266916137848097660936038763704603879477706807173227657682266941127277011407789125108266564134898988347848733402160499515354473511230899432520337832101135351468727079129420937346185250393333861606471430251179070813549241
129524467853128478979351176.598330283089386898623060822425426622772379855743291906204097149855884893360528648657317182147860785704634596324379645758468808435357096885431556311472371224203408179565217298154228644379276871134240748415298848755728536558339055022158621365873120863143791952880125076645178448839327
-155676904498537552654645340.873960379935883231120863252675679019313534232163355771246880950402706149814227545061919929451305014211739941711848354543628224451603798838433761441283567957414775236441942641056549875997621011744631288757510781491635193199544315579222435629283816281163698269149652420089952246792481
189385006284567514749201517.418402161528717804261681744440869312043223432658922103902491816011217042872069078052714658415999518721533067758484642326370148869723061013213159472798583389801701810748290905370665414067627879359150068935772990402604761217569458670778661826475550192298907386882097229646147003753153
-230318111563972180989936225.340702188554410966652616374186036702476390226263107888969423015292365532479565151055067279278023948385365416720798332226043957802424004896470053300773780841234052031882057576832822765254664589483735300775187184215684233427718520826059313221294868052836820082104246293728929451586395
275711378918646951883354733.553052855039441568017061726844751036053996966306764464619493964342393756074174940363380200195419816528208752671442747169745646899728108106189269557666772327924284457640489764256676756785295788829851214546990354710091784915604583501514860001604477530651134081104917580643840496835508
-318391209402928489041918919.716654890302533339669908638459367745453966191894960710449994219419861949985890375535110985492047764218912915806150954220531596595159637421304009387582187674788325494252023925217259143164363006596519923068872742087486404879623080276447995401110388769502266811297374374941309797941109
345019214421976365507071234.610021293095952361993413395688915109949040203727119566587924212699731369624885949596368449430105232949102743011026491549484703816608699834041756833936555855215189363309471375940962627289735070977856405634231755166544566041849018393220382640841432347297713992718671310798718972137172
-336996807670497516189002689.532458968858190457913245637059692349352047018094576143225926123915618301983597963374670788560929454964567041149822530642162787756724626623616979327167293351701643544986946699385958685076231557443952544898905339243236128008467478212685378456227807330076974263010761623819592906134841
278320314625975688533647971.552953522217167916711586659524458409241675103008741382682122395318820947352736657600899492962234882889899080491948492401480493911571275800816108589429915692201514555896438911784902964347446888542541063339714147136652015861706134745168309941706570078670921716807104693400184318737473
-172869360504482183636389540.861569306285573234914119372951628241450477521388738704648282261364520568851043576883602142849904610163713104173611541041339181921275403592653484743651970043697609518349057651515909358831028106799812585771490528064363732978219841294320767829842130847377297332072391773019015960566327
60600567393448108056150911.1515352701028892090421660628162662878149421503301827838091947103839561962719101030294327074673818951768452437189209748207648356541499272812474024610705993401984065817865233688454516614721942757105098322548295522555851168071905321834399989922027860295470291938729135972859683214719073
