18 1
995987346788483305838289792.884923454301556461830803205693955754276087317971345414681886234639059465926931491469786622981074710074533435889099739637212650830637896467923657474913640254675992431165760564758510348133117720714053909486412783910988493803897173493198002379189079248793814870226884865831210288857779
-170948412600979023091.395035690253189229520913125300058436423040389112393514776817552444231302188923621839170721711494903268544023705711314020061336112277122225929368584028909938637908923457079574009992044100235011173364493230625207251589237624064066422235853043865619219027700109453023727861586397471258200592
-1995679156772073822678230748.50286440287117832933434776001768048089769578870561810743706436456958266762330404001078555286588422752553052562442250802073208603050869299190742930353774001599835575586952000373086464441745854516738361458625077489611237744612840950983366303330104381119386818711524097735592485260349
-170948412324286822390.698940213099857249735373788725211139666352229841920162496657879696543007646073982322029841618943865347611546226928758508394973584851907805578204612970178636904602795997001535328152908562454843441248151916768544545473807231976914207902206283883814483184515716437350053402247411206798925754
4990470247002660555669318501.23405671063687094752107790428311865919249849124439918727206044663108167849699049687323259159596215572917001019377777259273411779709049006094487326223064953391974941549251192911740547216970780741084938701579203975353525892516216948616968354693137833702955268793252679112813355707244
-170948412427932277456.622192297783117117055677105784531415479313215934939457554829204481492953253794016474472153747477600719739738614848826557445994424919352481849596187667246930949360363055017203325751896872250965112136885718016918965946405791632425469890529603132603233203626397810027381111792598397533992928
-13061629986629437390038394008.9804490669186981686853677730169762362606422805027564333059796592387403742990716846235685090973905051307905761704501020982816005823162637008734592140055000790736630540676420221975259928118953010360326629517366614521945085124575169732138054481807575550110490138509880601333676950871
-170948412391976534280.368307949491274552778477120106014526693274410460657322163849293998769094093843089680434499303947130111422807701112146748669473619791272851147627020549490889321258406308302501200643291007107304307081242909484894252677286312124437671258342515861651363547668912854445746539890077245703176979
32623881323044809828311289690.139310811641060703239326140247644190946926692605471803371234288037791223455052550962737121755819711543563385169683815001506437772169729058076721578485434729839630435073628502984745680383226651928969413617052032678552467515927106227578190968330329495392263209920770781771753601808
-170948412404855943564.92559277281874567609163789587337468165139822544765181932291067992066308137551138533411947479719750888857009250966023890881421975416391318936792098517920789658536775408624520685156383223936553398738632054358066124273142254519244086150823043390109666809788497455339821339597840177815829871
-72895885866056875097528763928.5684913924041031173826606963954494362196067149069404696468733498794337142772798021164977988898054459626690590722155533085027661372459738860009655461213924769576362185363050524252868511744215106081414681818461364628034412549847861555644639692173911665686629820429002344713153050446
-170948412399731339270.849434763420916727964397512281484276699978032364817851999354347025229044232546654582793177240050835418142491100048063933813024259627401503004137543942175229132353192955731317052074057606128183952961165526201333124226059515247711838760855859215264361813825035109715090898861006390079537589
137917555733072995928754337835.009411484999881639552218350159764905638562393962566719242136231998934092238047006637729033099488997655362943073192527528823686010538592319587537571086839895374785668615342998393914659936283722394547150956381052460724857095358605590898184738144079199620068295714529240883711432188
-170948412402138973979.062119904425487770813859761735749472172082093673772115536932766202861032379240930279940844850514605391709781404699851222161006439284213343565804240082963874137337286203705427508339039504167323894319959434997430025999615171681485923455485967961117836807282141871528837975524202312849983154
-211249324380493661086984838770.039650106804714975184062512993220454781730378868984083879411466124582110325449714944429379320307933913599192644726789027295497723756137295304529131088043538325857886819131524466752227454295029691422607188980340494672872319055897412686310566706665848899480485888777177048410074655
-170948412400741962117.336438183515850273871086799015151777204082745696368818328602421869342754069111647486804276741738092374181074712592325440936153054997845944075818958658668230922686996579155569779009833929607126741653732844565611819646707317260178816229137758914162483001990834372468494106791899431253579372
293777836433707980554604593359.326542501915486329320829615897717166295975309988778968379080968242025773313691720297516124774502305487982960334935358416304773867900216291124203814143545737538568853761308915158191782928617371467803587144236247636669558819194591576690332979310870284250223095538633937891592434597
-177394507731793989540537966702.060604596075057309416061928270332636106534720259994206305635747246775522234943438592163344878299723887022314172478537492159829165438452459686725651409127963534450865787680215686618098222771324493026704598915666343646244161958369022245202600259066996488807392904631417287580634191
