10 1
-6169506272345.10531634535501704860889571378263684053302285993218976206242033063939977046048510829772542489487453651825161985503468068319075911516283029865553606322415918518430976865201274256535980331952036129393526829482796284249604002595777888731449708875791259997351639789288851196473282908514181925144377263
9406762152991.98923144624000535875165661765165642424560509925961357594556977328792046286252198282582875117121180655873717093689404187274438153434612978984781161954978761833044590134209855486877556296840830787110816542439511771129464566516931011942279891914001020548066916688554874900419633352012168610436573961
-5945071800367.51957904764991216181118098268422977881863406136065153810931769158134505509832948934679557253241665880916909881644123922843951412940875304062118379131136984720633316156124261938740314301592164975560638113380535143455840767995080662176261733627478521921501111676038655801979481719834255491575916914
5358551120348.31269241588872472024183735029231220624358891662188909007018044022788604812553307620625531624445167021432956009019525284282019586942388437612997232668983790921679285548482972845055913614264664079505721324124692342055275574836357004837382730800130625463844678856436379572113053627563415112536753132
-5475575995275.73450290318097902407739538980188453557848804259223194022676256317346391795081181725409453096463104282286622101928402187389762571102711154931915664967236937725768497655215610762791093117043688120328617343820985218531610385357560960802727849320456649090935315982188592442497853328982243039105143806
5953097326189.32353404381448379443497496713828101707034139684775948030418011471209938156377909741353694052132963584413081928380073869133660482178706700477833777724289550895601154715691560183350290464917826844625253051842756233717907140874293241402709368560854477510706152325800283006660725153449323095688426418
-6542805679007.35745607533831530926377214915363909059729317711197466674633389924324730327699480282860092684292451216046883917576482381751715508227012458918499697040123919653143219939441475100164275632507075672437117107354246115223117573101721563956725928365259712991865971433379939094921679380266464093110154
6794463019088.246923044617565726203373700272796024963653058544636527623831210917003110123640533649823259656574414769528944820795178257081171153698381781120468532765335054709122784810987906756250708728605962981350393773391408047512566985210320714354612470945544060127358062631015361421951698249289966652151483
-5924755547781.00303189388768683279997793826736560352417381885489527967641546569055803750162568763466008704608554709987410861472426723684208718877152347478011124138295222374009752495993807034524959152986713853229019528850309668611312117981357316277180768554510090345175163477755407548468158505614510546085773072
3256894791059.3263947186499426006726055081951383614380689089203331469722504360772687022347359186662916519091991647921454396190784080841273608108176824582961810081687676636767747377725088874442765742805358937379956731904236750931053906600761645865067330786952684890483214143518245171421338703354970814184510741
