9 1
0.0319821953884802805322736807489028954545596637269014635634048371948595943573900833598895748324532099109313907658103743071886093121059557598147197271304035288182166566603686281777655381927386803105115102388335787337884518690836600060047066900526032984404943855774362775617858682086113216771597573658969431101159
-2.4925704031195657801242218367302363740838806656407495355353593086010022009899177874526439751758470239931264418435795095073127914344405728054963206413491993366938619397587127809695047577707718812050135437688069709100849186986772896397072169169055488747660507155078061301960145989920581849100958046720344527038e-33
-0.000605803095387803725535565273723514835712564965567577888070535433236441733005303890862480938902418389350563695741595892626420798558242115510992811572687818202514340914296441910006760305784706421249343500776421651402826852873481077377028652532647738467547338635380232074977100675345947661510615297850422002407484
-0.00016323065020405134272499270300442880707229036745931265414635048100730572285780670268796935184603484360650032127877221660533815470103567257774119083225683978111452950478859876146774324109439494156954939461749765940934179443415372434222311250979021507047361928220945583189715419777157840124644374557985775193467
-2.41724723854267693157597099510295436321669419353593562114719849672114020543048397887618088267586796525659022074189413787117366149821137746145114553230940304333058699508736206141240899071784792325729410830219297181512216594798777808592622749965788807522068809918084864143548299361534756334082345009130773924949e-05
-3.29365153284300365632936852610462279275267337017023177063477579333542463549555198285129670518079817982524197116201452158993833406971348052738643084077376284918550927631369672193483170866257731393272834006302080867951120654694647682488140816134000521879059930479071523352290531102096568161743150082628839036101e-34
8.7506047301542132782343584052588490592184751931036833840578216837908956428826504378606897631130880087432955447052779271737078402574341977138326608649348270506088367439264496608111906701866501658815728342961582098823030746131859573754466175724426907153638168282274224889392394186739677747274771876985503415948e-07
-4.85020917568926225848904331153700082415391108775856175817553891546313852999965923055345737251441109976309793645355123747445336972011553988936147549599516297905497763460623286469641880770930503122656302784680867917760237908954567947051533396892189913800252907433738401355475487169744282513360386967299327864037e-34
-1.65126538331371923434333298534386837878839479155062644426928838401065491235245594619553436543352026862280167739797491201834844972250938416577677278672774470829525039312013303816814038426392895845017352422239470330243605843945674563611422656950491750134607054262381274542755019831414982371566925268360633113012e-07
