16 1
-3985604602654793689200.40316633366890163836322316877825211744870113365307534754844628805317777303836845255989302559975416015376725932474465437335018360735677522668565752032133352318713961339897386886068946206144890445868526935233486594283177687772053815121435066154512283114536675007327352913307136733059944303
6045399553886933555763.29763667341440296300824662676201995096981651416079930806812546225891853653085253562184073489727973189149385661704096701963812244302609916142305916087305386819846520091494522310082911576420156744836774835108652034757031139975555874935454176132597823630107597066985153608870334373135326891
-3727228828513509191606.14842339016498682815651026848287720838878698739562689050730339069086492743141672694694750388613884430453839786222785742030481336221681307971362391816404955842905874936939639428429361163940488285561925446044259291223981224524531324775463023357580549005185484872190589018451464286399916544
3230557265725448887667.85138234950548823299014206066109560518746206650664818873530809341855528013569409528553474269142876901270260238671926107340652362013828334017878635380600192285891706273951132139026509154241228766844343770982296107179897411687879068375602830583111735659367404627974112692979180714805746233
-3161624084669090683218.01205577111324242235918186527282340130409838635653248516840512394329954498872890874191169964292594750377335533036613226919643189773340443284860047342395429590577038013111402240059078448291145501858271762128858014802720684653323214940467713914372083198970795950783814107352330267026620122
3337332537328393578333.76732947832967788490975050238671742408076970524579690308283992057611183802677607316340107608744990140427963410572214262972087413343868064998047955367231763932621876144105958237971188216317966385724823737441348149845688378254339370422429222810588898961938580233354216731238570233365811612
-3718620289734142327355.69601073251949916537202301111510869420638248695110319284586370041795558571168395970934673944125143075810791094057432979900851038322806609035113779350725626205932807056360273409066595045296944942468137706500308612531327022150949138969803255245193415964818131773377065240904380626987025956
4306474337095994732931.75970111429129616924388845942848952663783529077196724781823875173484958787181977304966990309149595912163312987481189058426798977117830491566996737738837303680702243123666725940420613029586308327886249503273441226039617038552788622733505793758457836215236669330397302390823898301684817295
-5107713199084805131331.14705340487231357972210553861634447603548277298932331037324430080622522745389084217195304605069389374175150351926835250114645605558597630397241784572482229707386210338444122665896536596063014050479274103218344356232161472171416000430069760383188283306103175434082370868076494928424125134
6102460588289479008395.30549829255636270190591127612693579002168327571246467937325441539585921282803338229330383869012873119503404046037710479838335637383674010152939310410300901758609664152343828331050062885143272620320776215340938741834936053924865796385247901665953092686609639050756490492627541019512356337
-7194227434335413541041.25766665400514094992172730620954364342291468470913683738482293762576164422826008314147980571708108274995723601273670624692758217081241296310147954526446510389153849550699084283384637954434969311667393927905728766531771573821203780315617416664328626177703306654746601360305377044637396205
8139389726880245155963.51936773729385523254874352323068587482763532785564807307153797870244427532288917916969561134968687552654338078643665173575504141365681840280468477593872749050351824645064595431736233756877613674309413500054974594585972031207362844188660600781996750157537560358955948731697358322409290367
-8489099760548855892062.01532854054028197759060895966695256394191847512260566645842646623141109201735320048307268326667900355516845509843622853089881414113895201027094905057379840530673379908027893458724797696824954145377941880912931686988771087982306601907599975536751040670581938293830901495627434387869603236
7657418592051074967887.64974601190109340920585529046696089098099737392332726995413092991665409218631346192051913505382815073301809528621882565104507108685976834659233282380136567280942681118446122941263706253402252743034225859627826636739734280161980121523006580380505815658983379946310612016476627063208219248
-5314326078445714312785.39686890172479230965528587747733224460791849286077188938929753451982208239799539032113978610469425403892081286938447841973340239244654944789834126297460765105725299842482215531558410939478271167820246897559650610042127164613165329878933034842179646367498317488117849174773005321431352938
2130003976482773135753.45813678780282508988207784310964086385014720101677652716308132606418948612189408199832418937005588179741625425590108389591199515150368655641921973753579433201937471177319598681803467730355174045516316798792242113659267502058772309891603998351110657112285404717634149816469168973153062753
