15 1
144443608192415715265.986217339696723173106292143447994920415001124437323956052797075527808847347372930048700489406306039417540829182976995992515631752672455561054085060410211851409868898436443063941885376342301132630625209743050955160276027097230961358835273467767628646383509376133643777550536059386841559049
-219233782386291428208.791214558339510322806106572741209760942640739234618139876246501006599441995562075504918353846675882517996735009117993986596101052872481783493496021397033152346776906404201369331198315889613452271115002549767835742825866573416882655465027481155601594774392322988151489193459646731729573897
135589339726423256485.908351752589288360245766449874369240829553735056216127791788805149714151692913249907939719974504151257388488612066777963979925077560505876140350563372636653276036545919005773292374170803996330538740079900246605525998009335987547756764729319532287035550476734576980626266604182426398699958
-118143615840259419958.524234455127465097553145180063338004392884369390220086256850902398560404755613945394567495805382294381860797591925737192962802895819222134814185220099211354457891473250183795363762136177899126663531683275327200627627159730762897471306193541684350200444811309754673326521324383252868736037
116413106240610889077.932204044381253840943373455005149799888480662956854210685879792525621113718322801638466988376114660341249904946092818438301348178403114176977718109578210829034205331492334912305004586019281804884068140105090989754318726958155732045347826467099789100594022212726161717815319412184178671532
-123790747027808364118.404147670275103524693871790492246444011218160996502814428140553467689631932616070281422732805795337746993788152206187480425612395961224423249640627257563211479919529645988837145840864847488382549256546228780418969261614441316711000680693924896766050062298835493046901836146287569440170548
138826797472296973305.814215410506859123987153830770236304310271885666538970810079676461458054149365913540470486285320686588070799299662907040039730293549664813191630591507009355995294517605458495381634786189749223811522390856309481051026947421155395609723081627234753003078312314427638096790794372608654779233
-161325065322941979338.681758169949005995343322113183140268094630413242235377936717042624475521456554308916896028834879339882439535470353556465284180744946301243876658279191092085081427564769233954247855257364128610694717680003185034908263328543441691605329038098738618403521466576243681385980983336340576897585
190823575250826464132.531420223321913795543685388581106148380691895850112350604278653533561143232462166393734673304681094947271485633507319983107566684423799901243980845027110156205482094534018802439063700144352874176981816084909210166932501583390019668748380547423489759857002185948922401119205119317077227324
-224926874607004836144.262450865794922580606480515948981316897047857019807660192018739234593968597705647831427103644774247525006151703925700338349062627949156796353658267832444928912079144595377808127039587861317701590183711866444888123615852547737679108540339326937880707425165841033631519511978899821208480369
256892163860900927888.03714937274124088766036885596714744556314384146398539402634155723706175028098636211283942831790111444484494084841776914817900627300661495993940693014958158941014788405402119226263484659171745983776323893861642679663859835322494434932991490793196782594338094810504557505608001464893332717
-273060966579042159202.275087290952232254275487497440173545337053325375565728508749617742219489096895009309380168536370963011617521611422749488935223062294326139634128534231484702819153247255924006976063466917624777722923183559142314660105285034525576154524242188245538142499446408578474996555284473531854151372
253431172037500920921.765455767922673336484418970491607473531122329316865240093735415438797070747650607649481901407618120163204557193535781411780104373494634580102563838355475322662929781763247110326243059185317751791787846445883601652328580245260153313809679149037208385590983273528556170033261686240375545033
-182713290482343193913.018020804747712387884750166292807967590966532423416846607598159214314484925469945449476447689078723167392804124418553414818093756752946437543508150359500310627944278737609668361492171214607503740256918690023538816973027217565994560686438754812205473640925082507604758408777728155294869315
76815007106663989169.0161992494818058321906651089185811224589460413261543234209913961953291383423322418717336240634725685286039624119791544758577648502577920925464017718819905642311597365772255586112893977647505939349710803217575188985650796583809058748007530930035618790991771982189492109986775362965523468686
