14 1
0.0298213656637238658180766254771516041419196775119445773742275851376208246819649129314318066886716689813653227093547579437156827066861567615742934690188937111565365093187208976520278086286692991834826755340025341340877952739624023864851650482309873812725663713379998624904996861552455329574393586673067400670886
-1.00295722256978265880322623763120572099774424975673517150841072770202423253163512211569327487001309134223801443915974929000778566865368265569988159227357296356303008894542107088590138941192427187756721219488790556368573237502573383332921803199140488643668450215315127188727996797914869074537500822696411539128e-33
-0.00043862841974688951004709034220278415632859830652301752456966894780925585064457003148750395546388830361163827128569875775746099908448351223499636310449100848861364253590999579952433770015286363563499568938313303373018566467597716485086748939086493423424540899253666446412994144895964525361019085943221160658992
-1.44399202855961209786145163053034725395434244290736390242701827298276153255356756054926344035819368113441337031147776529767701910616791720837262145041741815103720384565490182690153485952898300056045696477922740667015622194258270731663453514946277034334757769976147977502362689316699544133076707378398252771049e-32
-9.15935106820874995017577654330936878118010093828127815580687572996004856260835021623528282653955025147403363055381160215026266008347194900075233258418764066977091847620594454164718940111568513450244067374066123840896922426321410741448701118143258278472798780221447650196345413296751522231141676683700016734335e-06
-1.36141574371305391532148659308474553027979888264888459387715349922688177432764550005819083663830851745063384613927993530252255059912946478585132312531104292100419121216882202604664877649240351356315688256416046149078330018025361522202398037926911945066976097962428558933218101154050834465707629071672279789454e-34
1.79331178887270022909688648209200086348113151357717462044033988584853589332692250301211594338810460202679467514913170744699603590907020444298477233743160782797886796963140020638143488076560155747691984414013950400012307532183489966160277199062492392713330440810375401968393387211239548335929834767390506327318e-06
-1.91650142472314434098272783015508416536215747234898558199072692587565083672185946617214741287377242696677493153436730120110171908424447794948686072190015929098258236042249501177513021552309944661474770819309863178664247514045653466682271401770980006971620375878495205050906235003420182994932628117224106553172e-34
-4.21566652764526158339454967559913307462422304007670936415199387513300222535601307119727854567527849463484154308415164049920006334873236991267494495430041388381390957045069658775889449249907372891584959251080882172851426590388954125435809114240454132501090412488136210410181221375740444920323813458876717943034e-05
-3.13613394986405062122190212542517756990018574341445119408606819776476046450985672393605432567148507660519547073028868581236342533148099020227949026358368741110563607947135390939880225225108946961214361670803169336291095336592814408174704730479903390775297819248193272118471825602112541946420734483727720162456e-05
-3.70921383094730107464188100069203468352634433600801212319566013664832479852954669251457339944639033220072898426543465831674537262897480800116764143427051143266994439197061587860346176730613789587440997702375241400423080381040977185831827399005054314447492234224104997714902459261568636662915281193259683761389e-05
-5.08465079548535671056733480408540503856373261659129270416277693383032116306898223617432843744188804761479008277739293681031692353002723701818628572899870209979187870653837494767872359961850056100029520053926873917940853359349822024718447549290078708073813606597125970602885604386037150227469203916229187190153e-34
4.02921929907715820827821896450863668416177321076562909342274251319351649901178253546575219259877464033806485067069536290926976268538146197354409595739469000371594265062631328701488310562361638284422797045477018561007228080139792761268423358876542807012724787533163251216232551311056752184358408316680359169638e-05
0.000126064187096566140497582796414593422173681084915918289900278945888413730567095882404254097491581309047495744712497126171407762182984351479340422965616125384359352082967981057251062527407145251308255468348542126167795675980940965942078851396790135262100849676719353842566889014088219351836444923015269565930368
