24 1
-10474495414927326311216896705480675.7110746120909142811422771830226967395292275436931613347772060198624699929933070804748487659115655835525340353782559529920501630918348130496934347609937243130174807611745350842056202384643017782706558682400581416818143835775658193393088473890316714549571269983633619208315214
15833376721074532609222743978345696.2043167959137872750194724807499074950110536621054661575055131038608851150925605986616933478901013585599970538139693186426628765045523208925976780823273865892891346745170099816093210717541218748602034150708056961530752397944770673714661872440615281086469811847802100905319118
-9598270042441523816146379566725765.41250800232129908290781538441794230761669533652331797356813389314789645572243321007697432571636691903554952663875296429261403302257123499048847560010345692786419170595105824825498281987745116766416613523601090675882795449551884611960654328408041941448440070027484509427196938
8078666443671602695562401687949570.65048982614522236653118397415595723840945955830380067044637922808369703374421563499111220275997201780339271481864080070918590814258974996202341087874324862141964564654209298093522763184628153070056108019459219903528612802155721080341669850463223255406341827080848665888354283
-7597355085760734165168612639105395.44770482333743087107874147845355897258409444033844934163630812377319244095565686413975801375184899252951394521838572628376587111100691956163320856675581873488939515519809626769715943541184120848512323769162664429545987496563970250026431203770774141757002503372789519284834431
7648232388695799774749210614503188.9501854053370161703551740600007451148092791913174626273160711673524139588532673245486215701302439496676893441459466960008733342427069491064412698673074890716169441947186253594734377612008458075736603537653565285519555767430521580666149614431991660915245457414585371308810788
-8100264912000579243422037681203184.98115534628558224411656618645037944616616060588348730461218159946508533561778370465384054755546882654184951196538850454395093245832249625789060847493442134379152336486479775922323590628601642205982225061205501963467078443094733127322481551906251444783035071432456932534365951
8938399110578402003053873805954402.62963301567308544967638148007124612119156142834874230198226681056663454977384689885055567763286895550276387486228437701625531527660397942206445173909672719152808251721087496651294022590818798405747081725647499881945667270584427371261262768199853623305085843225598785100792342
-10206873327791909084723941060451121.5932526730863827512160028224532062212250900516868130498815480272924846459814183204267502697060774719268446641521922166911253374364742849654745250839205517600940090441788794159727195187593177953256306761908820545749218702777466806368750709690343831546096347670743146080558897
11993587961855883971002566040341853.3317400497404727988343924359170822322781918574400932600260302792625797668005611527865863014847392570283459498216269109107580566685823858336815443209142387960970042525558464470125435899412770828893850370171584748276375516771118864085145529695019284531158679493056499745979504
-14425124007907993519663846772366270.4042300873135781815482186399125643343934790533645102775803091734364675344336125678124109735584737743504005231481015284743275746002212772840576483728531581861702782898173038051131614090551500989711378541040284889650981012468056843762008138009485070269715664697085638607311616
17661334839002626191256773308521190.2494192214579925888723890964456546569548997985612522617684184055364874495949607777454879100208734653767453302662670025300186172284032617485989834222179056021461698110382284409685858552276527343299708714006834818805841580590272262871860181581917746615979819953209903455223132
-21880385391956552379396812158737554.0988889004043219938561140797255171758920302423137458966946907774546185720550848334201462131881099400662296346904404823954769577639243884404256599606565442497869631708683406860850065739960027888179672353345828229109409862096138455596952962649913469610492761278126680553052436
27242063705290116831864652419296432.3896985970393890950486737651920600039839926380655577608873083266234808610789013743193205156995403476809072377670212718478885591678154801782884609160485960991556246187271734389461058430628978045188950353420397429429335718703750216059350247983142200929682591729410156331919863
-33812599579083347220924627408267179.4201888509560863318385886430033679375156361206240690318697125061242218078090002667873529022573432936694601001130894313534380021512943448140791241146718644432765364377675367945285785879511303189660873026209427058725682242774818681376381319804286390365717801256848301857373894
41432645184664656405205808322487047.1367353866742924307526090569847507913923088694244388377979714852870061573485261354345440776632662779196115002350949513703907995186194690972121878692586399823260938599469601433403299468652270096519409259382570937804160127827826564375519957133379143230773508062778745016215417
-49521610007325364218932724985444628.7832202700874870531289052168042901637833318032410570408757218451140252467313679719167012733733836717950095117710486324947569543228655809930559067895769990391543039147644491341559797352833121567609683126969356002223892626867872009621072355000840117232047119267319106545968091
56854588766211901888873936796093886.8380930387526323301568712988978449737163780395665357974822564118991942916439064691418634061155772857585596813636708387097229170842625139622586045690982881985329697488374444974220140382080910854258420933147563958771760723639244746512482074537605292337648183417098167670521184
-61443706038928120222331532053870009.962370705436818572900443900434927518581215904519111153677659479125795119335124077301015847756895975238410706344590232119061082464502497645131714608683313742692184961336840337505093941020686375551617080790873540500895304552280354088151167353315633221421002239677694282227134
60796235362957244359910346255470453.3010043806055237797048747213570635691419833655329666897078468133053405900181052265895916749775370424237021064298023636063849176279480088262734008969211762412989361839257903990329426718048999427563220299161242304875664884270922973296402495331270851552855324374454302146356768
-52895199240079736845756506890479249.9750184875216948398999774291645450172096164896024026019534972496131739869122801677329036055729446914904689926898325534464221816050917716759848251706032467460028642118190798012329711760998034261730740285358510947218189906764247838650828952443748991790250734273912176909593827
37953179047433171958188019667596598.6523531278391505276807057586695202926509813281074789374524651180630035851049682523871517300990350018766758325614369871171290464058407318973857880992275260672467423496983373544230989532323919192305001595500741420716778009873762207932778954275359427295373936722922953242156843
-19970941605965407099822498915484642.2467530056157546404097094493779909951940908905023916108565262838368580182979978995249748647112049564028786692982643002015556125676166710832810965613650391864362431595825309887921117810320406770347875674486403077272944910447875413939170498328356797345966995774582668557089262
5782350362542096901703404154870630.9654308342541543894852154572346922831172449054456954303239345835793324541666944532071006996025551917718959632939786670809740129894026252655176912829176427399688084984581745619210235965848184658506602433814116339467873803597651993155469398381744650125988566449077125498920304
