13 1
182440205716377980.380417902524898714831249321655920566185454044729919966981834989054842208052355828921860885314437037109729074063331392444072781454632277366089131530675030041074131096280502012608223897588104883273192719332433778572103579532260219925040727421892804335092141620814468886754662966377371761994291
-277322399329099380.881279685032895907032442556892602886449586860414532187241455893187002116761462595975406732475815575617961893373421453603089795482321182159719116983099075453003685526583772058167426068548114458887250251297018929118970811855140967236595302573149585923582705608714721363647983639900692581682881
172770952662190561.295069729327740172784776701532202998188030179243670827840615186249029849691343839745634059411194562214360254400490387285513614159344200704346186289084051604211798640126557267756146697017263643155668000997384748887847163867782577303203109426123451620369711817175861876090610397469198374796956
-152365912755851906.242140926536616478460928386894606388564256061696726456484180952673121536049331768202328565781579290478877435047871776254221713844104171536028329075813963074900309680575844967587724520354359519016875230539158681607808036380435911341215447987791903535764955239981138190773571171350744425619594
152374412516899655.186023865253019849930687780204340210762733381549923221563831401316851715544904422300206289791522059409095818423232725391849689505170606605834103739324186989989712929658008708577006273797836409186173602323638194079786348200013770294790293011982200424624252996468398595467524067747527030539935
-164374155163128120.602113706024702491248684703998034721518830726172958683190929803178088122301483710724467679313723920210915111422321854330174932412880972062906174825806985800543713219628159723430788349543861368330666312961604256480564836565583497336362789050885751015322908445186733747275587475747268833605214
185999646910386054.403578033552877133684311034553330482700379340879126185600993207568593462708217811945148024900281315194368781195535947891149582202589011332486891217905242164804430235254607266744357494954241612398170053927775765560204718960661601327008820684077896847227812381312657724328115553184508478568703
-215284705753598095.50207793994229073495374089914926855652968233374873021023516402631853029097123897779040485541897091308702030258478029294905245528346823842214418464043096093487629325603473517414637706467014891265941027377209678492079707347292463378109006601821442526855883641461717070503798032476378854285472
247423360892279815.881978228182055566866254517424083777434817328897229087247488705934263299602789481005380207789798753450166549302251870721866333551308547080377070820525951629662067081651254685350380896067275636562017818517338626521101918926530309347436902158977008196191085668017646826903573666401149649004842
-271023539141568132.747960401980973413941663966770581109634906631344467567839406403963712870638479844499247838810393420044732640442930391189125372984949612777938702477167414158252032111735831317797760307007751976937910630871890349245634356583087687222740536738144245168590798655848489341478577711657699274256863
265412619028579716.03191611499830315139277054727071899334115808644876662860891683281565699751826678432662508711336960081157970465680220061756035268205378307365915335003044872045333259164611808488128607964002879610362294478255613037949616458746255919910556656052221662578362675573435700510394809243775057601936
-206738373771517020.030135710378858975907457566739600841522304707155726870374659435623149861361048092373544427095136313021502623785363522400668186535351185378668300296975480793723545543718816401393541802678726145377538483537184886372616310055972239438373218033350898801969932235440392129648836341924894225638355
96168313975724856.4190124358608104017579779200998687658472873918145625112636503185352864348503551744208603450262404091798829663495348404366865649276443655448486851118807614773963306584313073899537942371802184658077782743670432309897156515980637963428021486229031920217278748733062320497298040503321469089512802
