12 1
0.0323363246688210137517266429966418117405246052720974302629182910664767209269878299125827885043586918022615695615961299758659316788179563505781931369316101640452404352948325711174935372153682721898846012701943988903271060191910173739416396090945646686651000136317852580058195129968159270611541297077921753768957
-9.67029393817036187588109196725470610449087341157562519886841881039399286273768794212215891029926569044963625977801372412326491761130345668077356636393646146682040837589691290977459717879740886628874322083499141798250392182311513362098313082216452692988462874311986949354428388152651007743671211321397526187211e-34
-0.000614374804574720942558446561437438334090047384266945669632410545604657996306095495365491617829183949855789618194719865075491166839361690342637461791166731932214591266478152365243761411542230815276763070571092123899538334155244281112216489453607807449903668542477106334886563441511875850120691248790731662649375
-0.000181461435910808183989927958210377910137548061004427283228108785247654284153909773845531580714921760933801192827358053309825400013800562997439656160504274072141057638977770305441065022865623380918943435826853511935268535017910341192243069376309908907785915712909325961313167034918529264467211392293678495249002
-3.05423630183637000609015185307009711327404421964401727379870852489713564229052114384759141743728539945815689858590907092596175774672745128393899038627325960980037058682956914622671586604313295568916061523005762967194106850944497666594122762710004148864761025739509579959391814054805639462741873196601405496287e-05
-1.27288301863304898821749815198352186866502959187145670500232444306835217195654865994276667497948608698224969885963715535585778130454178235114913743278566295251838901810476848418876974398385107268947748295547425440385441040312523431595173234958224016748539525417819905537556154075199796581908445100672813441e-34
1.57987313352322679221454232008986163293883365079715604626251148101038422182068627681295296922275926137985558738603102056815337297942040289819021404297637391970082987900575795361809003095475071361961562932830016719390723144185438846719084693794548687097040751732404292090056411586761200362653466635663467910043e-06
-1.98773908978795436591861350076460287934943183512101673941000793883293146323367120829504504671982711970997375956445200996176396468923790113583234755852316962358784901372149284696462738635381063378176211837733261537267993742935608505253020757533105931652964339600598211059273742764392726608844973712974786181571e-34
-5.07294030658712468967251407399540464016273035756726098819985278104692989933176792723440810791039488372718082262796116234068946268681007564768159087382752908326998278131056517726229912011889180130695152827843071317440671571973899052548529662209242953465388946965990540821207354934064639002462770758623110385741e-07
-1.355283237399666160030635609083663512734750947336227363419541595656701653158536787036302940060722686510181222001267395788180314376387787803380899266270738333594946654838399383583846523778632388040038637548923441512551062375927605832272486104441380448503747029422936599019062865369953649535833847189807974789e-33
1.05008008368545366808918965581105705218134972338788499269285129511617928189648650189657598340828436188508406888303275424817031496817693017189213711694026518970210998914075792373721689479041806099563780662796507181671996491750512472760915491071919612969569016597073532343488599282824162289677499108229178047686e-07
6.75465513663130632824232161375900526581827523659411666008282149321789305259149857545591783443402159486197076628449857110389945890192524990057980770743901174784824218851419984685786612148810891922832229988328678321830050410844048653573115288733971073680207711431270032775761988072497437210659480615015423908093e-07
