20 1
-3995943487492234016966625068.29073651094196994241663715592152257061435393874140583408638658562964121869774593904079505462246056205061185597116540360866817543746208065920262313332985315063913458205483872965948006411110587387048601235199533227922366726219788064204150349022954781545257604347130083854207362063182
6048792381149796114682195695.22322051360751108325749607695730155874624318336979895272034614013535732332001796702754699534994579324225844167177223889152497884054000454644240718184554254118628299551753080699238155989154750262544488256533716585956475423547195489093781423970674979175107872840610543118027940288665
-3692322698955038167116949505.99389316208825703594024478862700022517915601424191101636281671386718730173322508727432411799863431280750799033935292680904962753419246895166758090884778285719031961061263153285275617569093809982275289060172749678846030482072250865031151711192523313803716083151920102351129275991369
3145770524454801201251125442.42949968147198181355322803007647320457099486365811374762343037184304043242608955643791905743533463335330787936823217844366150644508658045486371535214991002844388081565023412107858685682036555938747735580449205566862697907387302476245980784124438086925375693195832884074088863155488
-3008518317343808194617020509.11722003088390661178052250555084087346809614053880964680411804792297057218601759349768735728706993439287175628597465936986304060433305981411150408183094091024364641255652798299195324066922260892621110952496653950366589819070745248644778819201743640136067740389334457478115227131098
3091747954371452855313835291.11232182764884862305075955951223816462870892331950793094652734321267897379293329908434081747186174574165352237683208924173371950935205852919758370280103154335214695154209603801090308833895014646520981815707714224483467808131639871780608982310891550570425456557818374289803835643942
-3351415657536805481310071211.72654285597955276729706117401192936526201616985541464411719222660955814730835847288006607190341934601110007352934229690683775638600283969423326939182165527714883573600877566553155499589390743121604806292990507850514758573126679301405096275778503650781311737581473128389158357303277
3788953047478558500658409346.39195879536325633495390073992485144391879226202032159966878715519323781949396030842847665431484943053857169330767111428948991889541405125521585566901767441342564974723962016414279198691312671449521404374045310199144207617291188130544157190888701583240308203737009204061057781171669
-4428177852031975854371407559.87557300718108167726796058568347837124902649817212121617662326740673113526109209716432465664171091767825067146543634823564695391478392680838896253262167213768744180462105134799397073249042678682010710313538163021684572535512978932042786882689263042090052330640343031310262380843044
5305461051852393706910332583.08873264554909803465766981489978154098570699188289213002066393781831165512218862333191937187326029387687364182179684621021623914229322153446168343973772277763153957478215665270248124178787340323406402224247555662739719979133008361374123317361831074132553541437396790287104186572537
-6459110024068264686096323627.57272207968353581616783298404722415020737583821381223390798047909864023632298347933504825564595537519043764899124342878944343448637935406155587600048204258031638390852008561505676950848819068724141574262698033035463230013856520544386602751716359568486228636453457845535243581306841
7909977296060683883733928609.90937340810235259483474613490977426993183996081769473905868725013665475342777475741222774481869556097256434388235955749505956701086588907164761060175261459577961750223626808372679044068135324025463843382891959203261573430000113687985972071868735193155236431895607470875492573334183
-9625454455494048777461689188.0459786063177824047547601688565060853464223000366254991051823297092317738449203772831439133087490101292950964690104571747747160596282455063905224109083371062841974021155004475162891622677962849212169899375546651557394010864233343653846854968529672880072923206305055823957446482438
11461148178541914991866662876.4713178299705407675925349903135074318673133876339414443729787034492446362101019953424114812807118319424235834947741608847969136711331935553657639092724210891831279481440740042657004197253069390226083593525992954744780590523124005147640457774553345295451665908555913443313893641644
-13087018659690334909679019144.6298767740152138002905046735496658929351487494933957476085638204939575799172146314648176921462917233096600589433756803111527606342490148309026535906255318599067732322571556187240359943682257635711337964758946836990747299788982981248601628439093828343239634913300299412688207469616
13939570845149837933730939671.9470028654908544442301505730676240143519942174728221290163363563204665944599486056319622049202681352832766937944057566136407331617852712043972202319917122397656572341591007886505786565501037100535261716345390969875309331735626406382241644840700731132649317665471563742110685685159
-13303446772704705860126776061.9934525047484889027261272583112422188059785858774372496528523557835284571572814920256208113980680077960347505598918614632662308158013142914083534313933145992517156027756039521373363326426044906981584450365934644892521736472239418372533542247242027111918977442391722688309827990281
10670917581680933160920530369.3307789489631280074460312615850985190862683375852985016351958330116235006920906681341457954867735751080881183663086488534874342060875639531159981957458716884340188820000164770135051100475325283037168002831536341168182935361542107434565423970489191269226861344803445845501395778878
-6398188524270577696399471295.98605012803553064611712856383822152881890230745252115608826061038350556222498349733891382310823617696382398088368158521213165660043967360002005847043399382228580968427718647852048657547810136453408629437084829415246788476100614315166783989629793231139894267655912780690002804551832
2151976146103154451173979313.72308275705740446686875836462158231234266877320806025196858683074141304778311683595948898635862460425368886664434031297876268126252627837746538043178759140771873647446594572735040601858689717053911147611097257163874718613854828506410278576652785992722286287212129474833703589316478
