11 1
1164693928517915021616.5693024713041165481601222374294395071944127931503641128350448044089515467191422992114218308451577912089145008297372451669423005722235720960347973425565260442617871116728084926979525033958241849077919541128271144435225618511341371060846252089954990736514965908797193321202099131445824426163340439063330054247661943748214390004011928765217452521139369311064880436483209953870935703129912033536662935078886432789363400930057160176096043470791273078116663901569544729527180418169938882487800686186853274238945821503660977009447280753478847837098758116664220871221261825832775892933446447664780174455
-1773875000725851858990.3495470366209018657987044828105125124984667863008571679651068526746190868557767928829118629758407210859082778041604389600951095507293832492496819884211195542860562576112149825372026937704572825133456944983368862997478228156371606253513136049690050295360732452822715614463660247050149051911939375259762986596544136890743286620472092553451659383523691015891335501496724554015501521512072710253110955471691095491389952694686513101361071902379575662257355593539534628976755354742680399210868410287981952708853642891415861790590828139972865877113047134142685871277848949020529041556679034201779458102
1116077331970818919838.0037274983834170460495043208622688593765365280506766133822482000173243846746983585787832567144474476650985753022657646964365973207030370959479215056444626238718603692271332049712571242335468574836783225079783761370227543782164312959980321077255820116879624343620579988751030080838305761678133882036593178119213254915001569199975197330644688189219247394556414537081414104518419047976672015705793808262328730793777770963226129190624845994127013485981683229937815008516986825921810136687049926203383661248990469663684371281727257153946474695022002938547085603610654657543951081729694863460668489346
-1002074358898629900629.4008275945286572646388227660419043943932312623844232072610598079114236469056294445955336457739339579942755809052945332982171331711341105574611056645715305868211762030989185339695717037404662087281391355371219195084099813501627587340330842795032570922278113348451448965589671368223416567478986606802347368661121779939589001508014311530109874883842630377591628365742220414837236750249923842609495259511846623768282329576258352046232315725011073760749656553854892027918249309054657869238095039307369635559507020744732865555641432920525620998974449696864395533675814674675133214817684651967749139394
1027409631861580081540.4716579314904790340987967636281415739630502125551584611587522690180949678708966609751384176537265957682205129556699986884523264994617745242830621252307421973104577932660986847305107387541338460593214706755833153391456699099628921923599126740859081638429097398450859883906611162744703357689659997105993041358405958574007470510137928688872981246945886047662490442838951160282529150265176616245927777500143500445444374614114708183840141590180032103626629278159508133061821967287271042655988490959282019625731196535398593797838014756970087982374628180513564037447909890862061809514700247186934318061
-1138797879235781459820.2485904347754013223916073737528477618148816842364430109099750441271746328843257215647315485959049554639991258768184995184580873937637828456664214202970652418571078186046920809788718777636490498579459098838110840297747309551624049362534831570370921921935947479732719428686089992142770607134044646391682425326332241551188126691110237100376099641500670332207292093461153334074454496106549044304453051367258083686995330728669741724835242004959951505526299301059247895434022718865326630625069428923569294298883903847687795193240375124659971445713351805884981149331102348491326708641813918583528569716
1311232291800222721027.159303936279135614323154705176596306719724641606115915339746193096107666135511883947518230453188696447778032771925239564212295757263893451500257259197240251670589245697377481834691854689594461295503731632295364677069452561319087952415161266093042872434529459609192006424016175975102830767725665475556126428687632204224603602355380706317270812582179908373120651220682344886297559689698691585063289796188754101925778197626433839540813617945075936192519627052523356002540366323137251777328813322296071046815204945474377173376236297998755691921603215669397149089660921790622647937603209288268985282
-1494049293861722164115.2318309898705447001338463836334555643824837425222026396656333192675186809582288281516835273192000864885819222445439985661966381836602621829699993477562692465159825336650658723181511767767214987599910721567316980500426297357633638182616130934578925462313383537732613613695652620922737862560282571153151857049857829661456550517981721055428829408420005003303933252957699124875341883109577793597179401222994879928388280683813235159464591754305647148120932308511370272798076639538973583855298798551227558583169516078393886298847091947588245067603008521571419599990358429860120232974328009148958332625
1572438358178802454775.2465169353697837045807791467753592006363540161929412381119049451106511150344643916410692377492726661186420165465650332250642461776108398357551093501286572219969917355062297234463950069021470643590902482935709452919138703866599851095302716088535092856864156230659845551223809424916134156727537273188735853692802697560311822323084426254616724399185537709886878564603383978525339173166589392640843698569559020858414829663633231344903578788521917368127257807372365384483190447804283963726519810128007784999947636049205347272226659980192248614238001680055338548012748152239283308310470366282910346974
-1380122397307610358053.7513207125851051936105558104070080664403276199333370117883566447729214390644970160988287085934790007829316369742824900471766188030784233066088334842508430340675597437773667999295590130602710546439960441914165865975587592865485323239420561737950865359259182474255365916563831772370916990323985595711342896453376339643275112515231826623186806043182285386306516458470415424727784175969281492605362963202148414714443815171034649569290051508204353806689476528665430410082762932162567169249600205315434282722153099124404937252595738967649566776084202977108518831447699192539655862636282275525279722351
836703277763729118748.53580123717263678883452288031879316714367614204239252077173986881290651969787085565307681904743069950663920611288449944633214962255859576294216477165258018620591997539880047225650413417868680483615257808678177000024346899184978655454627352859161505392211265820579759803437128131177092954600866435532339108564240960059346389470396154055472600427339282958891240598110829590054289354251975222263412969886634430246222066082191822187868956748520557779423941876658572722844676740962546901104139543937737308734630373234903375552582251728986839037684317194595093671001180876521954160797509098269231162484
