10 1
0.0319821953884802805322736740677385344166343303370820004225354213322416585801399064251568158296908729158467420700268197600466292993413671831968159278905368342302416671977188518692465553982830930871489367883993456327231123779027571937304934615639360429301149430339220509055511151401562287165367146934287770459465
-1.09063598255469193270854618918080967467611686976026937557977063752762770211459082114025660782758656711291774260670739142237434341912565372184118493296266515577681265607306800678169676777591709970154819003595737306244352341656671883465601014929125130294890682695836126314646259442842945261434043288273772316119e-33
-0.000605803095387803725535565108966386792217632148134255470363138120159015138775941185348526328827089796282548704040530081849849155585933607862659579194314878187499736084094324980060253272951524582843466067089829748452333132979901305239459215986134715736930093166672107180233185809414554131279653009763644994736494
-0.000163230650204051342724992356949186131724151431514212000734889992138075437506850036364972267723351825422690770688270927802559217344516983548868232545479848016697963855743127914030764994460897887326047603127146129813923859165453657213861322517236552950124234157044255360788721475627903516562310476472222140776121
-2.41724723854267693157595983030123224527558962279324816927934293751649198712124728353358911151852763423817765530443230967220386210321596952271731244050438203842463723354063000647586934410789177001841533513457635032634656651848292480864353055442525591402018351052094331610354419065109810481837601531904181660356e-05
-1.44115281337388732014865875865909835368967086463146219118282639195616414040423671944274154753847296679395959376326438098504635864000423124824459439946260738137182779992709060831657721909865013089192323959629455135222114066570143172668384884781440174328917724217366022271553441160733401534514791311552587646918e-34
8.75060473015421327823426491818812877007169873377425218320514362035861013541470243893431216103637182520442278155679368873580141730277686175928922020550322228595290302708545382792975266537076680139932571427761936422081631028416058470928310478247334376773500855117683256303986105483403697023778602548098295466259e-07
-2.12223195178854983854591767217899739012968531086912959132894256720635267656064703865045975959462474894022730069926195427711373614421095645589933892954630100626903331448277652770658408267434104941686444303086122730025406549152808423971290363813722765033131047509814701161095731254524059928727995709600228802106e-34
-1.65126538331371923434328915053484746536814073446136710942258694709651746180924701318240137475315650483788139803225558370667752849093581836247211934996093348106532499013326070771834529744634677720043282516997267291553535512325524312427043466379164906987856020313035160462365879843211381059143981562590154544815e-07
1.63044306844702475421849184655618443848913569141471925038870073705285803798658252079770667104242796129136513242202404698404045508321722414670661887763294192394929383165192149446187391110502209994580496694996229607410686898563391566737163461026440048515652377337241913654804789839321341800110712934720663349536e-33
