18 1
-3450572291053671752979189.39048346144381746827796014545455590180787136622107610633332487724828432998012005889965958001374141596225181219504983816701423795494919166330797774394517678402294792635594463621148569589682930021655136095527737987677066310509167447339548858533828771739490616289670152374300320959543442
5228045545546986483818440.23028018686358237851731636505486145776705877665301151181219233232375356824815925080787251060922507285186822946597123178340600384534982205516777417128956408935019120085651988344387239157537366283261879002818299059541142638817972760942096045843921699866263751100891170471663136394928104
-3205789956388363224810364.1897962794465888102890024570958245059915436206158170477019061492116915764573473202987334076275562601569077387642828968937889280735455212817112685902910995071084290574944633538430202283776410760069833476053739433004919349619528906481212945659826580906505376216300906679810182517037049
2752784277623322278256844.25210144812559362649997169082933446067353106671385341896981157354275478482620838390486546455237154987117393254883737844403523057310048202875781014147666772043815576814996010040463281033133584870914074388427793133698578773411698200551592146747222404767094552126408993858741343385501886
-2660890687865940752988542.56901330382101567866590188487695216721841555773761486369600969593232347232848254311311144369769233348900611373555906354992244104843237832596712867046367321033521360880366202602183962449137662150268140623685895414653783929732773082202298372017946896287878792756637568265681964501702859
2769378242847916864170177.04615304614928734525673907671964856470931205356224446374838931043904364137270771526111028218955388462116599660897237768143080457015016191539689035940905526767836687941168034769770134044205891623320816570728758225393202404274576879603785384207061871557759443157822100403696149433948932
-3042961615577857339776722.39183723129108916999698186054928966079278243449642599015123409852757533058342783474889032799037504281941460078962214126672366403511527214626700474730014142214072451086493708261558115969186824153637246653705912382748798978297858863663011453758140764800542712929932341750564520673583557
3484933599121610868239785.04022581853959584607724018329151615318264288437058392592549211130667019239533182727780672262336530402518381446213087528509718066827212076714754391593138457170334314109251458194647484347999448793994313733336887297055223381300842516556631742199854950541862774345874234426644641351992768
-4114511006414234836611300.2759204344289529562905813558463226805121632568894992423843484430612747730181439864612000831005854039331518918053915077757874748107862476564007269556389183104683070877082200574576661544654885190655467517947226009393606205374221677307736988246522752879802610479757551556047243962179066
4952378546202317279167325.31986642170719657334615025833373210137102523697780277358987274686780653775156182408232678451357969335320953209628314606683863468580377992183974094198782158291604006931852699687359715772110950665886754821517867678889421581398051333951877161645072778994795081080864976488552384019328129
-5999923027073119191762730.82839824158375441547198457496663232715370432697086756693571727711619183843446235977555856192529501607701533140547375789851723980168078500136610820588582836950524474910969777430135562019379257095370674063848381564428443646790716736475130132282121381026415610302681010144948886145058656
7203228108467949018976970.45046497390540493988769504496799064875965426027806538855805963099480626563745925475313650419392026290694159284498401502170722537889834628486094252860587896849278241771574979235248392404596222801350116568655071523776439026969814860351748737077923883960877685474037835379284247227816363
-8397833776498897947315497.64425932949593499617921581554339319239328982590572815031576235376076636448855450385997757229762483292624158753603935884487326916899357540894287976983244423499377941551605586940301742698346014484464982230940730726336829637806426382654304584589694205876245577803422707219558268085184546
9248253414193195352923011.44808175581390980799987227062711380232693104820395646388825348820209763795289744133539630730919884380716441533385176226115108492916938422577985699150309945639168992694522347908698587884284681140905110991720623715737192861516716005690589408649463426286362367171836674763771340671643797
-9241463002575514410683201.73433298405689688235392642610575032736496430900408303927920038437618119702317412369855048722470820250709530821310675819819272291986691500122261246586765998794276333440622677919883216444462988129459386651011171591743778789358278685875459553905171618060113099686045356926007146178719644
7860796355788368229071721.50220934099416492071455073890143474030688241374208090645131467666985731313235748373378522507381453162156117684806558440201728772951073338192355264308476942862701501187331059700998231185198096114063542013918796281391751305822925139183309968449157499031320419155116705589917685448865856
-5062664163680113016428461.34627621487766836005507704531782391979244356574538065068374633812175003286893797330274020839546442745058786658353225060700948314920981631606438157725889063681623699902958334940395564706752712657316478685044159569491952081876908726631822654844430185916230772348491220173752249778825744
1852836397039585112656492.47174273251404482237350665020302061562583945553523190271739734006597087985375824803038798095401165391842932922669320311034185384384394694906301656179915387919971129062877149317632646260918848630670051906516623590427929739548388270408515260488105970172285909431901599782581285137497286
