17 1
0.0321769503925964172217663114484354765050619282787856301822723560072793119627601817860776758298539737018064349897127673746879998021088639209667094249997007096663204748936477810368671900856609333226437538103822383757061656231680426152041240578246573522173563415742371451490744009639343011049429423761905778384666
-1.5048037861836684976020688323370423010366685412378089315931440804692487623524402052410572436640303144447053216592927012276237984679732985449707248936667474320319893443932884533490592609540324660221270786253793345638766204016166250622406888907916945183914936271747143652027057852645658473231547885944662872407e-33
-0.000610358915654070422587724826396402594662252733658970968772146156632419737357440251681618106259937610653345831891756393454004992921867768417936141301939543874737725756644124615269169871871742741814306487317876970718182453397370822996574354447638316143158766978419231149937417163014788563025687495668615338423534
-0.000172830231335108606482860972700438478974724794454381134387284679894974084303270690380678970324958916357082113800928419600252868562090155960626232858187006490869119271979423995072716662822677165848113424884812941739203131378419304014478204749940170650528058039732023258955875908097869207370304879380369001540625
-2.76156982660746254385741064467260643219729520171358559165229880913229890268015997058152045222155006396938385880447597498131107063842145390389448224347773149977842696356883222045295314548000732490952989509100739330870850921326406486582888607394124901192217665966880891182111070112251329719487050928967561598528e-05
-1.98674564335870672694217347763615371361393015819248012869535460928971081195871354376315098592707263109346514766111352116837110500734656702629648969649789593131446585203382704869372722419064140165406844155663498078644400183439816460417926349115637300803405153180516515664097297883120625961000566751022486568885e-34
1.33227996689188143542140024846017931357994134098787340514450613425999802764839749637008949189525163060112601066989346173982093808786442914081539170167447808200158218713943713131742657712107699633777331200648554209230521348640360637978296925203153450007307366254939568969840697254924743111334114516607366861091e-06
-2.97312592184993322039675515717551559738935079180295570786677935119824034107963291654281263093982843735328288991610288753365511600887960067524038973280546901305025502272635017899298332768656809908830325815363469700437045568195591201899363865936672017813295083526922495969922566339828820426041026752328006473431e-34
-4.26052701914717240422292855892461055565259821864519771384020714669443676103272572026874654688012380055449173463047911265295424349765994252771469409911594763187407465828679939873675755686087670281587494517083078786294159995058244461447133531739784415861070933158303768534224916907262458828535911070963568917388e-07
-2.87571264686124119465250972107258302923780529672105178556237511100346720631035774507435175840924999804618716021914013877703685529113412331736202505646693314960778926010261885423501741262950180495943600822991021585048998034945282093732278013603526046693172626558610043384900166669779532430942912439791411419638e-07
-9.02178989106343482404595416760496698163754057135829346798426881057521804558661290336435914630564714666194350687253677286847415368252401748036521138973441146347955287817511283776864514585473642123678399186995345388222187728042034007886835388293250848706523189285095227874553906054324972277079701652248064440124e-08
-9.12996696543365508660109291709361576324672775405104513395853913554466661706101753665905650031070279400261151528797804199885199305653118815836988024718919740238012569765082971360496863627936584985531871086448136127045961996216248230231312716505321063494503321582461196331607486641296345449616475269411291258593e-34
9.22281009883558697861802281371108453101379745940682613605192489820536766566251720703640079490834002843610761802796170703461543780856439878360426919015048877601255400925788542397794159286768778358348836548566765915201152057452852903311072480864267404171532397688536731379778241950449399141204541455269573372922e-09
-2.29125593000979099757590811537377066304669443875783451155907991582057148291285272779585298779255287562509223039301985186517887944953694653472098839174496175787933507058622099451329657293035743983495004777223297861588447554816582752047017580565627002986313063688204823823857488197062789101942679060099272764406e-33
-1.869293674571350285112121083113615930144598172701785757724971823285505087443603349678636298977452022591114999310136666263195559275213003458334158072503981482702664077824819631703400858541260938402590377132355314494352138575965728035797704622027360701130354043113785068154595236188752692732737151924847695152e-09
-2.2163183266957567700632532471233808338520805784813848836370618043221242315841812741535355661254202411565681205163988765781763914280978219860603061283029293378267211739826329069844186507063726767007457582439798713616941179714368686509565221469937144593333372187861459320657905476144093880268390237357227508958e-33
-2.04758107877219911479305261592010945439738624132210632096235953406109853984834767199457944443872924261875219741114137327920505753850445534156435912869586696048231200658515383658469674265111137459140249753726485940101284684114648665919483613734174473424503400556306947706277821868017177494544195323840684766161e-32
