17 1
1259669596465684343629.24315638105753855823572799221774990921114256080523671831620052213540021456194285107640760414398867241141990309934018028328838059822941174267934783227419136900488492351232215954262101251740281216798311054673771353646262956168727407763768711202330382084785147103733408239905604608194236384
-1910057983942366979947.70308762510331700206519931771154563206980955144803405312259234689901859976817898265270071823224288282765130491369804629307281101112618128755978074530853638751410906620279929819795400705661752329189845833855401035589748544305600537360839124512748557043175479752536723221243573803178105467
1175711298957039522328.04973426955514887556064031622524620236043472848419007221795454687990757293657198793218794254511506946374951247700021238729757128019367220202611549694410612948240358671357244088527995460802629247094443753936815562614724200320159069958558947789618562533097167170997340012832656730188651726
-1016107470637916733016.73966662083468050317826666247153116958820877457579069042445586539661182924918868684973960230982253529422249366824818998676383082399240055293455724549827641787993640787941192479459926185838129601660488865621645124466928696476035112852971434152090486130747400573265390027127475018082558887
990638245931694213895.63372719869022200966356277587398141512494609724454268284757391485975324182229060386896734634303206154924154291224299636594907890766739745038884866053162357883728860402204022532389741020283477112447817687031974111824590623556711349600394033845669676700692726737857089374900122577316223983
-1041645003167322771342.7588085680710612221656813677111564897331054606248360752902290545231032966913659848508792805507044907173697554529425409046189104898281345281778386943082287077558254941072470645124177613768184572373200570829794005687040341696240273383370258139582090267454352862307398096134246145217869259
1157889002117851090253.52322768923009734464688667503833497974770139993632680554393321877229907436885734547267677826439296655386463289751651115398413831469122688617600323627522007623738027826076686013210290368590385818413111871917833347230495676175428698688604576742349195883015026814992204558229313755575147102
-1342627484122506501312.41682816854492084299312666164758804546834617527474607433345071897633255682116410297979910864967718641606768305044186748760384590038723957243506318926556759641794228335900832597717327761388950904807412270775312274333452055002505030657972659594232396880671888955282232606695045732708452147
1604238096766422441283.42546857269272257490984576167138719168917211784376301698366148334569153837591612336667728186185022987567826756470886325820464902836283287485639583707033841098083593512676408406603976750046449936603934371358534270172479965866982869131556208291999725891728001973757363422598749737494919602
-1948045116629121638197.53173229543118593661682641975963802371481010848844186287819259371577396960685165596939424170717707501728843443937305976214900374138331539955287660050905604282495269058401182462215366158102542580223094976598007055840103144629523312490182519224765978191074991211586765396031873635021199447
2363633132366806128876.5376936327632234427283392006346741267691191445489743394548509007715420298304899905133333078804918036655763408215120290186591656903737139494939597622741940652731756714482308645401615838710980623322564002205561542004780995658043617267490792693357861303397143640434453185868249706369710734
-2806277285509705276234.48643682623393795245164794642936370438257249961640165460107215648234223494538129352042474233618888110298176031923308302196881482847349483928402889286323669822270373693432553074126344908557671654054719317615042714769708397143337675685905686027857914531824289048660335677105385765576805602
3176041536184124699835.64715706170716791516175088983500909927200685691354217180973778109581778021665559029746030507285809243319623653917336391716120393517403947096988478529131014064745970582885282836703688228853710478221236912667985760346699105553743527371089840766709409278127527367297160522966633190751911617
-3302603854690246818130.06020976862747199642269460008793316526999383813352201607328986577591917219586859938237310218288368071203036687617701283812296209731604309560984259504713656403060352834441757754833735058685932400900846324970367738558362867539287303304069518768439274037646942895520021289198169313698962308
2960907601970767117010.10178750174270921376439889603506913850118321732380217031700682820976731154079780710807023102700028000602594018410728834780049937070794407218414922877625539612351084880639766981408034678379473145190279566957823578284295034944242968547733201991259913469127433661682907365797106548853713629
-2030428620307924332810.13267491962047179432806513072375167135880630381046651648775933423148021428886916612318834105158417526425904014605399083765474310962953594313825223266260351998314763991725133004004782487286919293759294686664845060562401663844346170159013734896875528939149049905678744549436301739621930337
882938123966505917224.906620800701324558168244166626673266782667010903837433491125424787196294956736502823060718525610898500706355964830875153994817607628445038827259560281185109363916864807182110616747941376061147706376207017257055826287628300841462608496638828566858924301106443132642655548918124500778643357
