16 1
249301978651956119564539010.754409648080607389999229454957053721360619725453741945319124862717279192623685538890662265341291327737389461337779075685568036073053417279113528050251332266037094843216716994686318125291027609333726554707662755378126971537252726622823242278741470534771600015632011754645236979297754
-170250482174724436860.945988997923718252448779672674386371626130126502883535963880748276413491328097029415335834557918736474589435155631412373347500806050818179899858696845261977172080012991782159911820926093124843199412504406075380184165137182555884429749437422873135788867545560599926402534122361997906142036
-444782598348253299874051663.433601931145998665732338198994092976763460734578476661729450940980733985811045370301771154974795050473880613735060175042945712584614472215064647656448045690945802673403316184906474199558866474687648213010567984164802934905367590871971404470120550609658159785386564678201854943766805
-170250480869582553676.515198754522792351617363855277798464624608100872868068258755638580548875915376962284424964978115633367000143255309986667295375847604730520126650958124448673214773666091917780344335381116225849616073710958526013360988659954251122253926283814734491902312660334879523461775098426339425462307
977271051363358567550134728.445087324437351495335086756718553363200876739125610023811130852637183810591603263551955714534398680706760362530186855523354983127552616066680516048361277267772256820952227520387986679630007341832301077234400861944470346026465014667867219169306280248159248588504065007053581393724092
-170250481421992582462.324247607937225389598838016368876208360987513985051098177385375704324743097574804751337515731704357407300295717790416959833448389407175850603502554690493286645425912948028748373242765572690421438215418316461402475430181370161588089028676379310473029827296662742087422986362936963006569127
-2208800289665703061735819604.15627756290602615510373125499616950077881122637171559083186261183785972739712774662806447417660052135334984359618512290920673529074745317018095308028232572508941893751335353984517892829197128535674455166241694106431440712571541007840604130106160594791587932283355742316093317731862
-170250481201052545980.822486032880578701705257409404614000561884109376180134466090842671432172606638191965531664516770586218505282656859191146481892597448225869923550481990939010926387298592227859843375137767988653303749263376743384973741245961503222654811991240510123517877168681646608285714156235359276438932
4656968676064913789688420030.76048993475827382227832653259176475679202223798791715456160247474922311254855176287067962219986413770393314074943046116770458369932554560663901957603034953698507663403513549210550615867425362659183141047734731013820879102229489621284386078547611277649780410372228647945322254109999
-170250481294616304035.091866275865088381186393716118113386659113140533700486034074476712968791567729464845190601578837491016425312423212520940558311148691910575147939688900847427196217268186092670505233501907864845186655642322663861153086426137751338952129916277845172700031974857829155434414488632974052116848
-8532135273790863963534079025.13388732164983732296775879741040686886929626877115851029965348828765752282926681953203172786203016931202710988312486081574277640758028232701503816355300246033521537989765824453831415281936831317972040454969105939151322806586666280066217561522168861425166717494578750489081628646262
-170250481249170372056.125585018800410980482412534641064150175401795989456782059679652759613273793328461071858612567225064533950076319587787360841069417469712064667619378340944919619164400574942104753507191402858068707297974896362522190336651178852965203523414674831868553369580805380530739028280048209856735723
12874572902030933689595995343.4640002677504114453644954353435070215946747218234291111547420533506733563560820569563831113574371291059197857218707283715499644703764451416608209255426204156612816614847638160198909775074351148054422881416261371105830316755988018897992350053307232113732432780494858141581010637499
-170250481275919395962.256699354473545637446055000125371315890180217400138878508631018533495379327932844161837168176747005569978332249323956642573550988127566974634202341953319828596043197323429691605548259479578606911521863831066140149798243506396508277805595024872079329526614047014918011177134974113156802501
-17850157721854793053650238724.919633706859932588313716823626171514040347678480739478213528643152727079925597886425475527892202163224824208691895435541431179527847892403033707154439208658236320884754801095042814791561345291496990904887490768144234679907563474066948451301788713260970417005809217512968096350732
10798814950700522599327025119.4509509023720266205727158438066010871380452252716584871058365051656929271063177700400476784118231647932830987766387404852173746273462315621433000946892423423734536078221392521221992299045473902848265902783253139643668799592164409853210006872761886472637317088980271893655128670811
